DEVICE,acer,B1-730
OFFSET,33
13,-56
4,-39
8,-44
5,-40
6,-40
9,-44
7,-44
11,-61
19,-71
18,-61
17,-62
10,-47
12,-71
23,-57
14,-70
77,-66
24,-72
37,-74
15,-47
16,-47
20,-71
211,-69
22,-70
21,-71
29,-71
30,-71
33,-74
46,-73
34,-57
91,-91
43,-57
28,-57
92,-75
72,-70
66,-72
25,-64
36,-67
26,-67
113,-72
38,-82
39,-85
51,-78
32,-64
31,-64
44,-66
45,-64
119,-78
52,-78
49,-87
53,-79
47,-87
35,-66
73,-70
58,-70
55,-91
27,-81
40,-81
116,-83
48,-86
41,-81
118,-79
71,-82
65,-87
88,-90
50,-81
69,-74
95,-81
42,-73
97,-74
70,-66
76,-69
54,-74
80,-84
61,-87
62,-77
86,-90
213,-79
78,-68
109,-75
98,-78
106,-76
104,-82
64,-75
84,-71
60,-75
OFFSET,757
13,-55
4,-42
8,-47
5,-42
6,-42
9,-48
7,-47
11,-57
19,-78
18,-57
17,-57
10,-51
12,-79
23,-51
14,-73
77,-66
24,-66
37,-72
15,-52
16,-51
20,-78
211,-69
22,-70
21,-71
29,-68
30,-68
33,-72
46,-72
34,-60
91,-87
43,-59
28,-60
92,-78
72,-68
66,-72
25,-62
36,-67
26,-67
113,-76
38,-82
39,-85
51,-79
32,-61
31,-63
44,-66
45,-64
119,-78
52,-77
49,-87
53,-79
47,-87
35,-71
73,-72
58,-70
55,-91
27,-81
40,-81
116,-83
48,-86
41,-81
118,-79
71,-82
65,-80
50,-81
69,-74
95,-81
42,-70
97,-74
70,-69
76,-69
54,-74
80,-84
61,-87
62,-64
86,-77
213,-79
78,-68
109,-73
98,-73
106,-73
104,-82
64,-63
84,-71
60,-75
56,-63
63,-63
90,-77
OFFSET,1956
13,-52
4,-42
8,-50
5,-42
6,-42
9,-50
7,-50
11,-51
19,-73
18,-51
17,-50
10,-49
12,-73
23,-60
14,-70
77,-74
24,-65
37,-70
15,-48
16,-47
20,-74
211,-69
22,-69
21,-70
29,-67
30,-66
33,-70
46,-70
34,-54
91,-87
43,-53
28,-52
92,-77
72,-62
66,-72
25,-64
36,-67
26,-73
113,-76
38,-82
39,-81
51,-72
32,-62
31,-62
44,-66
45,-64
119,-78
52,-74
49,-87
53,-72
47,-83
35,-68
73,-72
58,-70
55,-91
27,-81
40,-81
116,-75
48,-80
41,-87
118,-79
71,-82
65,-80
50,-76
95,-81
42,-70
97,-74
70,-69
76,-69
54,-74
80,-84
61,-87
62,-64
86,-77
213,-79
78,-68
109,-73
98,-73
106,-73
104,-82
64,-63
84,-71
60,-75
56,-63
63,-63
90,-77
199,-80
OFFSET,3230
13,-53
4,-41
8,-47
5,-41
6,-41
9,-48
7,-48
11,-55
19,-70
18,-53
17,-54
10,-46
12,-70
23,-60
14,-70
77,-74
24,-58
37,-68
15,-47
16,-46
20,-71
211,-69
22,-69
21,-70
29,-57
30,-57
33,-70
46,-68
34,-57
91,-81
43,-55
28,-55
92,-77
72,-66
66,-72
25,-58
36,-67
26,-74
113,-76
38,-82
39,-80
51,-73
32,-57
31,-58
44,-66
45,-64
119,-78
52,-73
49,-87
53,-72
47,-79
35,-65
73,-72
58,-70
27,-70
40,-81
116,-75
48,-80
41,-87
118,-79
71,-82
65,-80
50,-70
95,-81
42,-67
97,-77
70,-69
76,-69
54,-74
80,-84
61,-87
62,-66
86,-77
213,-79
78,-68
109,-73
98,-71
106,-73
104,-82
64,-65
84,-71
60,-75
56,-67
63,-65
90,-77
199,-80
222,-88
OFFSET,4403
13,-53
4,-42
8,-46
5,-44
6,-42
9,-47
7,-48
11,-51
19,-70
18,-51
17,-53
10,-47
12,-70
23,-63
14,-66
77,-74
24,-52
37,-63
15,-47
16,-47
20,-71
211,-69
22,-67
21,-66
29,-49
30,-53
33,-63
46,-63
34,-53
91,-81
43,-53
28,-53
92,-77
72,-68
66,-72
25,-59
36,-67
26,-74
113,-76
38,-71
39,-80
51,-71
32,-58
31,-59
44,-67
45,-64
119,-78
52,-70
49,-87
53,-70
47,-79
35,-68
73,-72
58,-70
27,-70
40,-81
116,-78
48,-80
41,-79
118,-79
71,-82
65,-80
50,-66
95,-81
42,-67
97,-77
70,-69
76,-67
54,-74
61,-84
62,-66
86,-77
213,-79
78,-70
109,-77
98,-76
106,-74
104,-82
64,-65
84,-71
60,-75
56,-67
63,-65
90,-77
199,-80
222,-88
224,-70
OFFSET,5697
13,-48
4,-36
8,-48
5,-37
6,-37
9,-49
7,-48
11,-53
19,-72
18,-53
17,-53
10,-46
12,-72
23,-61
14,-69
77,-74
24,-67
37,-63
15,-46
16,-46
20,-72
211,-69
22,-69
21,-66
29,-67
30,-66
33,-66
46,-66
34,-49
91,-83
43,-51
28,-50
92,-67
72,-63
66,-72
25,-58
36,-69
26,-74
113,-76
38,-71
39,-86
51,-69
32,-59
31,-59
44,-67
45,-68
119,-78
52,-69
49,-87
53,-69
47,-87
35,-68
73,-71
58,-72
27,-70
40,-81
116,-78
48,-86
41,-91
118,-79
71,-82
65,-80
50,-66
95,-81
42,-64
97,-77
70,-69
76,-69
54,-74
61,-84
62,-66
86,-77
213,-79
78,-70
109,-77
98,-75
106,-76
104,-82
64,-65
84,-71
60,-75
56,-67
63,-65
90,-77
199,-80
222,-88
224,-70
OFFSET,6876
13,-50
4,-35
8,-51
5,-35
6,-35
9,-50
7,-51
11,-54
19,-71
18,-53
17,-54
10,-47
12,-70
23,-60
14,-64
77,-74
24,-63
37,-68
15,-47
16,-47
20,-71
211,-69
22,-65
21,-64
29,-65
30,-63
33,-68
46,-68
34,-48
91,-87
43,-47
28,-50
92,-67
72,-66
66,-72
25,-61
36,-72
26,-74
113,-76
38,-73
39,-82
51,-72
32,-61
31,-62
44,-70
45,-68
119,-77
52,-71
49,-87
53,-72
47,-85
35,-78
73,-71
58,-73
27,-70
40,-81
116,-79
48,-86
41,-91
118,-75
71,-82
65,-81
50,-74
95,-81
42,-64
97,-77
70,-69
76,-69
61,-84
62,-66
86,-77
78,-70
109,-78
98,-77
106,-76
104,-82
64,-65
84,-77
60,-75
56,-67
63,-65
90,-77
199,-80
222,-88
224,-70
55,-59
87,-69
OFFSET,8088
13,-52
4,-40
8,-44
5,-41
6,-40
9,-46
7,-45
11,-52
19,-71
18,-52
17,-52
10,-44
12,-70
23,-61
14,-66
77,-74
24,-63
37,-72
15,-45
16,-44
20,-71
22,-65
21,-65
29,-65
30,-63
33,-71
46,-68
34,-51
91,-87
43,-51
28,-51
92,-67
72,-64
66,-72
25,-63
36,-65
26,-74
113,-76
38,-73
39,-80
51,-72
32,-62
31,-62
44,-66
45,-64
119,-77
52,-71
49,-87
53,-73
47,-80
35,-64
73,-71
58,-73
27,-70
40,-75
116,-79
48,-80
41,-75
118,-75
71,-82
65,-81
50,-68
95,-81
42,-64
97,-77
70,-74
76,-70
61,-84
62,-66
86,-77
78,-68
109,-78
98,-77
106,-76
104,-82
64,-65
84,-77
60,-75
56,-67
63,-65
90,-77
199,-80
222,-88
224,-70
55,-59
87,-69
75,-78
110,-78
57,-79
82,-69
111,-79
OFFSET,9272
13,-60
4,-42
8,-42
5,-42
6,-42
9,-41
7,-41
11,-54
19,-60
18,-52
17,-53
10,-47
12,-60
23,-60
14,-69
77,-74
24,-62
37,-54
15,-47
16,-46
20,-60
22,-69
21,-68
29,-58
30,-59
33,-55
46,-55
34,-53
91,-87
43,-53
28,-51
92,-67
72,-64
66,-72
25,-62
36,-65
26,-74
113,-76
38,-73
39,-80
51,-68
32,-62
31,-62
44,-64
45,-64
119,-77
52,-67
49,-87
53,-76
47,-80
35,-68
73,-71
58,-73
27,-70
40,-75
116,-79
48,-80
41,-75
118,-75
71,-82
65,-83
50,-68
95,-69
42,-64
97,-77
70,-74
76,-70
61,-84
62,-66
86,-77
78,-68
109,-78
98,-77
106,-76
104,-82
64,-65
84,-77
60,-75
56,-67
63,-71
90,-77
199,-80
222,-88
224,-70
55,-59
87,-69
75,-78
110,-76
57,-79
82,-69
111,-75
211,-68
112,-76
OFFSET,10467
13,-51
4,-38
8,-49
5,-39
6,-39
9,-49
7,-50
11,-55
19,-74
18,-56
17,-55
10,-51
12,-74
23,-60
14,-63
77,-78
24,-69
37,-68
15,-52
16,-51
20,-75
22,-64
21,-64
29,-69
30,-69
33,-69
46,-68
34,-54
91,-87
43,-54
28,-54
92,-67
72,-69
66,-72
25,-63
36,-62
26,-74
113,-76
38,-79
39,-79
51,-77
32,-64
31,-64
44,-63
45,-62
119,-79
52,-76
49,-84
53,-77
47,-81
35,-68
73,-71
58,-73
27,-70
40,-84
116,-79
48,-79
41,-75
118,-75
71,-82
65,-94
50,-83
95,-69
42,-70
97,-84
70,-74
76,-70
61,-84
62,-71
86,-77
78,-68
109,-78
98,-77
106,-76
64,-71
84,-77
60,-75
56,-72
63,-71
90,-77
199,-80
222,-88
224,-76
55,-69
87,-69
75,-78
110,-76
57,-79
82,-69
111,-75
211,-68
112,-76
81,-71
OFFSET,11686
13,-53
4,-43
8,-41
5,-44
6,-43
9,-41
7,-41
11,-53
19,-71
18,-53
17,-52
10,-54
12,-71
23,-57
14,-69
77,-78
24,-59
37,-68
15,-56
16,-54
20,-71
22,-64
21,-68
29,-58
30,-58
33,-69
46,-68
34,-53
91,-87
43,-55
28,-52
92,-67
72,-66
66,-72
25,-61
36,-63
26,-70
113,-79
38,-79
39,-79
51,-74
32,-61
31,-62
44,-65
45,-61
119,-79
52,-75
49,-84
53,-74
47,-81
35,-68
73,-71
58,-73
27,-70
40,-84
116,-80
48,-79
41,-75
118,-75
65,-94
50,-75
95,-69
42,-67
97,-84
70,-74
76,-71
61,-84
62,-71
86,-77
78,-68
109,-73
98,-77
106,-73
64,-71
84,-77
60,-75
56,-77
63,-71
90,-77
199,-80
222,-88
224,-76
55,-69
87,-72
75,-75
110,-76
57,-79
82,-69
111,-75
211,-68
112,-76
81,-71
68,-74
213,-79
127,-82
129,-80
OFFSET,12890
13,-58
4,-40
8,-42
5,-41
6,-40
9,-42
7,-42
11,-53
19,-72
18,-53
17,-53
10,-56
12,-72
23,-60
14,-71
77,-78
24,-69
37,-70
15,-53
16,-54
20,-72
22,-72
21,-72
29,-68
30,-68
33,-69
46,-70
34,-53
91,-88
43,-53
28,-54
92,-67
72,-66
66,-72
25,-63
36,-64
26,-70
113,-79
38,-79
39,-79
51,-75
32,-61
31,-63
44,-64
45,-64
119,-80
52,-75
49,-84
53,-74
47,-79
35,-68
73,-71
58,-73
27,-70
40,-84
116,-80
48,-80
41,-75
118,-81
65,-81
50,-75
95,-69
42,-68
97,-84
70,-74
76,-71
61,-84
62,-70
86,-77
78,-68
109,-67
98,-69
106,-68
64,-71
84,-77
60,-75
56,-77
63,-71
90,-77
199,-80
222,-88
224,-76
55,-69
87,-72
75,-75
110,-76
57,-79
82,-69
111,-75
211,-68
112,-76
81,-71
68,-74
213,-79
127,-82
129,-80
128,-83
OFFSET,14139
13,-54
4,-39
8,-41
5,-38
6,-37
9,-41
7,-42
11,-55
19,-70
18,-56
17,-56
10,-52
12,-71
23,-65
14,-77
77,-78
24,-69
37,-71
15,-54
16,-53
20,-71
22,-76
21,-75
29,-71
30,-70
33,-70
46,-70
34,-52
91,-88
43,-50
28,-50
92,-67
72,-67
66,-72
25,-65
36,-63
26,-70
113,-79
38,-79
39,-79
51,-74
32,-64
31,-64
44,-63
45,-62
119,-80
52,-74
49,-84
53,-74
47,-79
35,-66
73,-71
58,-67
27,-72
40,-82
116,-80
48,-80
41,-75
118,-81
65,-81
50,-75
95,-69
42,-75
97,-84
70,-74
76,-71
61,-84
62,-75
86,-77
78,-68
109,-67
98,-69
106,-68
64,-71
84,-71
56,-77
63,-71
90,-77
199,-80
222,-88
224,-76
55,-69
87,-72
75,-75
110,-76
57,-80
82,-69
111,-75
211,-68
112,-76
81,-71
68,-74
213,-79
127,-82
129,-80
128,-83
OFFSET,15336
13,-54
4,-40
8,-42
5,-39
6,-40
9,-44
7,-43
11,-56
19,-78
18,-58
17,-56
10,-51
12,-78
23,-59
14,-71
77,-78
24,-66
37,-73
15,-51
16,-52
20,-77
22,-71
21,-71
29,-66
30,-66
33,-73
46,-73
34,-53
91,-88
43,-53
28,-52
92,-78
72,-62
25,-62
36,-63
26,-70
113,-79
38,-70
39,-79
51,-78
32,-62
31,-62
44,-63
45,-63
119,-80
52,-74
49,-84
53,-74
47,-79
35,-69
73,-72
58,-67
27,-72
40,-82
116,-80
48,-80
41,-83
118,-81
65,-81
50,-84
95,-69
42,-67
97,-84
70,-74
76,-71
61,-86
62,-75
78,-68
109,-69
98,-69
106,-68
64,-71
84,-71
56,-77
63,-71
199,-80
222,-88
224,-76
55,-69
87,-72
75,-75
110,-76
57,-80
82,-69
111,-75
211,-68
112,-76
81,-71
68,-75
213,-79
127,-82
129,-80
128,-83
OFFSET,16539
13,-60
4,-42
8,-44
5,-42
6,-41
9,-44
7,-44
11,-54
19,-78
18,-53
17,-53
10,-48
12,-78
23,-66
14,-69
77,-78
24,-72
37,-72
15,-50
16,-50
20,-77
22,-70
21,-69
29,-73
30,-74
33,-69
46,-69
34,-50
91,-88
43,-49
28,-48
92,-78
72,-66
25,-61
36,-66
26,-70
113,-79
38,-72
39,-79
51,-78
32,-62
31,-61
44,-66
45,-66
119,-80
52,-77
49,-84
53,-78
47,-79
35,-64
73,-72
58,-67
27,-69
40,-84
116,-88
48,-80
41,-82
118,-81
65,-81
50,-84
95,-69
42,-67
97,-84
70,-74
76,-71
61,-86
62,-75
78,-68
109,-69
98,-69
106,-71
64,-69
84,-71
56,-71
63,-71
222,-88
224,-76
55,-69
87,-72
75,-75
110,-76
57,-78
82,-69
111,-75
211,-68
112,-76
81,-71
68,-78
213,-79
127,-82
129,-80
128,-83
OFFSET,17734
13,-59
4,-38
8,-43
5,-39
6,-38
9,-43
7,-44
11,-66
19,-83
18,-67
17,-67
10,-51
12,-84
23,-63
14,-69
77,-78
24,-72
37,-68
15,-51
16,-52
20,-82
22,-68
21,-68
29,-74
30,-72
33,-68
46,-68
34,-52
91,-88
43,-52
28,-52
92,-75
72,-68
25,-63
36,-62
26,-70
113,-79
38,-78
39,-83
51,-80
32,-61
31,-62
44,-63
45,-63
119,-80
52,-79
49,-89
53,-81
47,-83
35,-60
73,-72
58,-67
27,-69
40,-84
116,-88
48,-84
41,-83
118,-81
65,-76
50,-84
95,-69
42,-67
97,-86
70,-74
76,-75
61,-86
62,-75
78,-77
109,-69
98,-69
106,-71
64,-69
84,-72
56,-71
63,-71
224,-76
55,-74
87,-79
75,-75
110,-76
57,-78
82,-72
111,-75
211,-68
112,-76
81,-72
68,-78
213,-79
127,-82
129,-80
128,-83
126,-80
83,-73
OFFSET,18928
13,-59
4,-38
8,-42
5,-38
6,-38
9,-43
7,-41
11,-60
19,-84
18,-59
17,-59
10,-52
12,-84
23,-66
14,-70
77,-78
24,-72
37,-73
15,-52
16,-51
20,-82
22,-70
21,-69
29,-74
30,-72
33,-75
46,-73
34,-52
91,-88
43,-51
28,-50
92,-75
72,-68
25,-64
36,-62
26,-70
113,-79
38,-78
39,-82
51,-77
32,-64
31,-64
44,-62
45,-61
119,-80
52,-78
49,-77
53,-79
47,-80
35,-62
73,-72
58,-67
27,-69
40,-78
116,-88
48,-81
41,-77
118,-81
65,-72
50,-84
95,-69
42,-67
97,-75
70,-68
76,-75
61,-76
62,-75
78,-77
109,-62
98,-64
106,-64
64,-69
84,-72
56,-71
63,-71
224,-76
55,-74
87,-79
75,-77
110,-76
57,-78
82,-72
111,-75
211,-68
112,-76
81,-72
68,-78
213,-79
127,-82
129,-80
128,-83
126,-80
83,-73
54,-67
104,-73
OFFSET,20135
13,-60
4,-45
8,-42
5,-46
6,-46
9,-42
7,-43
11,-62
19,-83
18,-63
17,-63
10,-54
12,-84
23,-66
14,-66
77,-75
24,-65
37,-73
15,-54
16,-54
20,-85
22,-66
21,-66
29,-65
30,-64
33,-73
46,-74
34,-54
91,-88
43,-54
28,-55
92,-75
72,-68
25,-67
36,-61
26,-70
113,-79
38,-67
39,-82
51,-81
32,-65
31,-66
44,-60
45,-62
119,-80
52,-80
49,-77
53,-79
47,-80
35,-63
73,-77
58,-65
27,-68
40,-72
116,-88
48,-81
41,-71
118,-81
65,-72
50,-84
95,-69
42,-67
97,-75
70,-68
76,-75
61,-68
62,-74
78,-74
109,-62
98,-65
106,-64
64,-69
84,-72
56,-71
63,-71
224,-76
55,-74
87,-79
75,-77
110,-76
57,-78
82,-75
111,-75
211,-72
112,-76
81,-72
68,-71
213,-79
127,-82
129,-80
128,-83
126,-79
83,-73
54,-66
104,-73
67,-74
OFFSET,21340
13,-55
4,-48
8,-38
5,-47
6,-48
9,-38
7,-38
11,-63
19,-86
18,-63
17,-63
10,-52
12,-87
23,-66
14,-72
77,-72
24,-65
37,-74
15,-51
16,-51
20,-87
22,-66
21,-73
29,-75
30,-75
33,-74
46,-74
34,-55
91,-88
43,-52
28,-54
92,-75
72,-68
25,-67
36,-60
26,-70
113,-79
38,-65
39,-79
51,-83
32,-65
31,-66
44,-60
45,-60
119,-80
52,-80
49,-76
53,-79
47,-79
35,-60
73,-77
58,-63
27,-73
40,-78
116,-88
48,-78
41,-77
118,-81
65,-72
50,-84
95,-69
42,-67
97,-75
70,-68
76,-75
61,-68
62,-70
78,-74
109,-62
98,-65
106,-64
64,-69
84,-72
56,-71
63,-71
224,-76
55,-74
87,-79
75,-77
110,-76
57,-78
82,-75
111,-75
211,-72
112,-76
81,-72
68,-72
213,-79
127,-82
129,-80
128,-83
126,-79
83,-73
54,-66
104,-73
67,-74
88,-85
60,-67
OFFSET,22540
13,-59
4,-47
8,-38
5,-46
6,-47
9,-37
7,-38
11,-62
19,-81
18,-62
17,-62
10,-61
12,-80
23,-63
14,-72
77,-72
24,-65
37,-77
15,-61
16,-61
20,-87
22,-66
21,-73
29,-75
30,-75
33,-78
46,-78
34,-58
91,-88
43,-60
28,-59
92,-75
72,-68
25,-70
36,-61
26,-70
113,-79
38,-66
39,-76
51,-83
32,-72
31,-71
44,-61
45,-61
119,-80
52,-80
49,-73
53,-79
47,-79
35,-63
73,-77
58,-63
27,-59
40,-70
116,-88
48,-75
41,-72
118,-81
65,-72
50,-84
95,-69
42,-68
97,-75
70,-68
76,-75
61,-68
62,-70
78,-74
109,-63
98,-63
106,-64
64,-69
84,-72
56,-70
63,-71
224,-76
55,-74
87,-79
75,-77
110,-76
57,-78
82,-75
111,-75
211,-72
112,-76
81,-72
68,-72
213,-79
127,-82
129,-80
128,-83
126,-79
83,-73
54,-68
104,-78
67,-74
88,-85
60,-72
107,-79
100,-80
OFFSET,23736
13,-58
4,-51
8,-38
5,-52
6,-51
9,-38
7,-39
11,-72
19,-88
18,-71
17,-70
10,-57
12,-89
23,-63
14,-72
77,-72
24,-65
37,-77
15,-61
16,-58
20,-89
22,-66
21,-73
29,-75
30,-75
33,-78
46,-78
34,-59
91,-88
43,-58
28,-59
92,-75
72,-68
25,-64
36,-60
26,-65
113,-79
38,-73
39,-78
51,-85
32,-65
31,-65
44,-60
45,-60
119,-80
52,-82
49,-78
53,-83
47,-79
35,-60
73,-77
58,-63
27,-81
40,-81
116,-88
48,-80
41,-79
118,-81
65,-79
50,-84
42,-75
97,-75
70,-68
76,-75
61,-68
62,-70
78,-74
109,-63
98,-63
106,-64
64,-69
84,-72
56,-70
63,-71
224,-76
55,-74
87,-79
75,-77
57,-78
82,-75
211,-72
81,-72
68,-73
213,-79
127,-82
129,-80
128,-83
126,-79
83,-73
54,-63
104,-78
67,-74
88,-85
60,-64
107,-79
100,-80
71,-74
86,-82
93,-87
OFFSET,24934
13,-54
4,-51
8,-37
5,-51
6,-51
9,-37
7,-37
11,-63
19,-88
18,-63
17,-63
10,-60
12,-89
23,-68
14,-75
77,-72
24,-72
37,-76
15,-60
16,-58
20,-89
22,-73
21,-77
29,-75
30,-73
33,-78
46,-77
34,-55
91,-88
43,-54
28,-54
92,-75
72,-68
25,-68
36,-59
26,-65
113,-79
38,-65
39,-81
51,-81
32,-67
31,-66
44,-63
45,-61
119,-80
52,-82
49,-67
53,-80
47,-81
35,-61
73,-77
58,-63
27,-64
40,-66
116,-88
48,-79
41,-69
118,-81
65,-79
50,-84
42,-75
97,-75
70,-63
76,-75
61,-73
62,-69
78,-74
109,-63
98,-63
106,-64
64,-67
84,-72
56,-70
63,-65
55,-74
87,-79
75,-77
57,-78
82,-75
211,-72
81,-76
68,-73
213,-79
127,-82
129,-80
128,-83
126,-79
83,-76
54,-67
104,-78
67,-74
88,-85
60,-69
107,-79
100,-80
71,-74
86,-82
93,-87
69,-68
80,-70
OFFSET,26131
13,-59
4,-49
8,-39
5,-50
6,-50
9,-39
7,-41
11,-75
19,-88
18,-75
17,-74
10,-56
12,-89
23,-68
14,-77
77,-72
24,-74
37,-81
15,-57
16,-58
20,-89
22,-76
21,-78
29,-74
30,-74
33,-80
46,-77
34,-56
91,-88
43,-57
28,-57
92,-75
72,-68
25,-66
36,-59
26,-66
38,-72
39,-72
51,-81
32,-66
31,-67
44,-58
45,-59
119,-80
52,-82
49,-72
53,-80
47,-73
35,-65
73,-77
58,-63
27,-69
40,-73
116,-88
48,-72
41,-72
118,-81
65,-79
50,-84
42,-75
97,-75
70,-66
76,-75
61,-73
62,-71
78,-74
109,-68
98,-68
106,-71
64,-71
84,-72
56,-70
63,-70
55,-74
87,-79
75,-77
57,-69
82,-75
211,-72
81,-76
68,-66
128,-83
126,-79
83,-76
54,-70
104,-72
67,-74
88,-85
60,-66
107,-79
100,-80
71,-71
86,-83
93,-87
69,-68
80,-70
103,-80
108,-88
OFFSET,27341
13,-56
4,-51
8,-35
5,-54
6,-53
9,-35
7,-36
11,-75
19,-86
18,-74
17,-73
10,-56
12,-88
23,-60
14,-77
77,-72
24,-74
37,-81
15,-57
16,-58
20,-86
22,-76
21,-78
29,-74
30,-74
33,-80
46,-77
34,-56
43,-57
28,-57
92,-75
72,-68
25,-69
36,-58
26,-66
38,-62
39,-77
51,-81
32,-66
31,-69
44,-58
45,-59
52,-82
49,-69
53,-80
47,-77
35,-58
73,-77
58,-60
27,-57
40,-72
116,-88
48,-77
41,-72
65,-79
50,-84
42,-75
97,-75
70,-66
76,-79
61,-73
62,-71
78,-74
109,-68
98,-69
106,-68
64,-71
84,-72
56,-70
63,-70
55,-74
87,-79
75,-77
57,-69
82,-75
211,-72
81,-76
68,-71
126,-79
83,-76
54,-63
104,-73
67,-74
88,-85
60,-66
107,-79
100,-80
71,-71
86,-83
93,-87
69,-68
80,-70
103,-80
108,-88
102,-71
85,-72
96,-77
79,-76
90,-77
OFFSET,28541
13,-61
4,-49
8,-36
5,-50
6,-51
9,-36
7,-36
11,-65
19,-87
18,-66
17,-65
10,-58
12,-87
23,-60
14,-77
77,-72
24,-76
37,-77
15,-55
16,-55
20,-89
22,-76
21,-78
29,-79
30,-77
33,-77
46,-76
34,-55
43,-54
28,-55
92,-75
72,-71
25,-74
36,-60
26,-62
38,-45
39,-76
51,-82
32,-76
31,-76
44,-59
45,-59
52,-82
49,-72
53,-83
47,-77
35,-59
73,-77
58,-60
27,-54
40,-73
116,-88
48,-77
41,-73
65,-78
50,-83
42,-75
97,-75
70,-69
76,-79
61,-73
62,-71
78,-74
109,-62
98,-62
106,-62
64,-71
84,-72
56,-70
63,-70
55,-74
87,-79
75,-77
57,-70
82,-70
211,-72
81,-70
68,-71
126,-79
83,-71
54,-63
104,-73
67,-74
88,-85
60,-66
107,-79
100,-80
71,-71
86,-70
93,-87
69,-68
80,-70
103,-80
108,-88
102,-71
85,-72
96,-77
79,-76
90,-77
OFFSET,29748
13,-57
4,-55
8,-37
5,-56
6,-56
9,-38
7,-36
11,-65
19,-87
18,-67
17,-69
10,-57
12,-87
23,-60
14,-77
77,-72
24,-79
37,-76
15,-55
16,-57
20,-89
22,-76
21,-78
29,-78
30,-79
33,-77
46,-77
34,-53
43,-54
28,-54
92,-75
72,-71
25,-70
36,-57
26,-62
38,-56
39,-76
51,-82
32,-70
31,-71
44,-57
45,-56
52,-82
49,-66
53,-83
47,-73
35,-56
73,-77
58,-62
27,-59
40,-67
116,-88
48,-72
41,-68
65,-78
50,-83
42,-75
97,-75
70,-60
76,-79
61,-73
62,-73
78,-80
109,-62
98,-62
106,-64
64,-71
84,-67
56,-70
63,-70
55,-74
87,-79
75,-77
57,-68
82,-70
211,-72
81,-68
68,-67
126,-79
83,-69
54,-63
104,-80
67,-71
88,-85
60,-65
107,-79
100,-77
71,-71
86,-72
93,-87
69,-64
80,-70
103,-80
108,-88
102,-71
85,-72
96,-77
79,-78
90,-77
74,-77
127,-85
129,-80
128,-82
OFFSET,30965
13,-61
4,-53
8,-34
5,-54
6,-53
9,-35
7,-35
11,-65
19,-87
18,-67
17,-69
10,-57
12,-87
23,-60
14,-75
77,-72
24,-79
37,-75
15,-57
16,-56
20,-89
22,-76
21,-75
29,-78
30,-79
33,-79
46,-78
34,-56
43,-57
28,-58
92,-75
72,-71
25,-72
36,-57
26,-60
38,-45
39,-73
51,-81
32,-72
31,-69
44,-57
45,-56
52,-82
49,-69
53,-81
47,-72
35,-56
73,-77
58,-62
27,-52
40,-68
48,-73
41,-68
65,-78
50,-83
42,-79
97,-80
70,-60
76,-79
61,-73
62,-67
78,-80
109,-64
98,-64
106,-63
64,-66
84,-67
56,-66
63,-66
55,-74
87,-79
75,-77
57,-68
82,-70
211,-72
81,-68
68,-62
126,-79
83,-69
54,-63
104,-80
67,-71
88,-83
60,-65
107,-79
100,-77
71,-72
86,-72
93,-87
69,-64
80,-70
103,-80
108,-88
102,-71
85,-72
96,-77
79,-78
90,-77
74,-77
127,-85
129,-80
128,-82
OFFSET,32168
13,-64
4,-52
8,-35
5,-49
6,-53
9,-35
7,-34
11,-69
19,-87
18,-69
17,-68
10,-57
12,-88
23,-60
14,-75
77,-72
24,-79
37,-81
15,-57
16,-57
20,-89
22,-76
21,-75
29,-79
30,-79
33,-80
46,-80
34,-55
43,-54
28,-54
72,-71
25,-73
36,-57
26,-67
38,-56
39,-71
51,-86
32,-72
31,-73
44,-57
45,-57
52,-86
49,-71
53,-86
47,-71
35,-50
73,-77
58,-60
27,-48
40,-71
48,-72
41,-70
65,-82
50,-83
42,-79
97,-80
70,-60
76,-79
61,-73
62,-67
78,-80
109,-67
98,-64
106,-67
64,-66
84,-67
56,-66
63,-66
75,-77
57,-73
82,-70
211,-72
81,-68
68,-62
126,-79
83,-69
54,-69
104,-80
67,-71
88,-83
60,-67
107,-79
100,-77
71,-72
86,-72
93,-87
69,-64
80,-66
103,-80
108,-88
102,-71
85,-72
96,-77
79,-78
90,-77
74,-77
127,-85
129,-80
128,-82
213,-73
59,-73
OFFSET,33377
13,-64
4,-56
8,-33
5,-55
6,-56
9,-33
7,-33
11,-72
19,-87
18,-70
17,-72
10,-61
12,-88
23,-60
14,-78
77,-72
24,-79
37,-78
15,-59
16,-61
20,-89
22,-79
21,-77
29,-79
30,-79
33,-77
46,-78
34,-55
43,-54
28,-55
72,-71
25,-73
36,-53
26,-67
38,-58
39,-75
51,-80
32,-71
31,-73
44,-52
45,-52
52,-81
49,-73
53,-80
47,-76
35,-59
73,-77
58,-57
27,-57
40,-72
48,-76
41,-72
65,-82
50,-83
42,-79
97,-80
70,-59
76,-79
61,-82
62,-67
78,-80
109,-62
98,-64
106,-64
64,-68
84,-67
56,-66
63,-68
75,-72
57,-68
82,-70
211,-72
81,-68
68,-68
126,-79
83,-69
54,-61
104,-80
67,-71
88,-83
60,-59
107,-77
100,-77
71,-72
86,-72
93,-87
69,-59
80,-69
103,-80
108,-88
102,-71
85,-72
96,-77
79,-78
90,-77
74,-72
127,-85
129,-80
128,-82
213,-73
59,-73
95,-80
94,-86
OFFSET,34575
13,-64
4,-52
8,-38
5,-52
6,-53
9,-38
7,-38
11,-66
19,-87
18,-72
17,-66
10,-61
12,-91
23,-70
14,-78
77,-72
24,-73
37,-78
15,-59
16,-61
20,-91
22,-79
21,-77
29,-79
30,-74
33,-77
46,-78
34,-56
43,-57
28,-56
72,-71
25,-73
36,-55
26,-67
38,-63
39,-71
51,-80
32,-71
31,-74
44,-55
45,-56
52,-81
49,-58
53,-80
47,-71
35,-63
58,-71
27,-58
40,-57
48,-70
41,-58
65,-82
50,-83
42,-79
97,-71
70,-55
76,-79
61,-82
62,-66
78,-80
109,-56
98,-56
106,-57
64,-67
84,-67
56,-67
63,-65
75,-72
57,-71
82,-70
211,-72
81,-68
68,-67
126,-75
83,-69
54,-60
104,-80
67,-71
88,-83
60,-60
107,-75
100,-77
71,-72
86,-72
93,-87
69,-60
80,-69
103,-80
108,-77
102,-71
85,-69
96,-77
79,-74
90,-71
74,-72
127,-85
129,-80
128,-82
213,-73
59,-73
95,-80
94,-86
105,-76
101,-75
99,-75
123,-75
OFFSET,35837
13,-61
4,-55
8,-37
5,-55
6,-54
9,-37
7,-37
11,-72
19,-89
18,-71
17,-71
10,-61
12,-86
23,-66
14,-78
24,-81
37,-76
15,-59
16,-61
20,-88
22,-79
21,-77
29,-80
30,-81
33,-76
46,-77
34,-58
43,-59
28,-58
72,-71
25,-73
36,-55
26,-57
38,-54
39,-75
51,-80
32,-71
31,-74
44,-57
45,-57
52,-81
49,-67
53,-80
47,-71
35,-58
58,-71
27,-53
40,-67
48,-70
41,-68
65,-86
50,-83
42,-79
97,-71
70,-55
76,-79
61,-82
62,-66
78,-80
109,-58
98,-56
106,-61
64,-67
84,-67
56,-69
63,-65
75,-72
57,-67
82,-66
211,-72
81,-68
68,-65
126,-75
83,-66
54,-60
104,-80
67,-74
88,-83
60,-63
107,-79
100,-77
71,-72
86,-72
93,-87
69,-65
80,-69
103,-80
108,-77
102,-71
85,-69
96,-77
79,-74
90,-71
74,-72
127,-85
129,-80
128,-82
213,-73
59,-71
95,-80
94,-86
105,-76
101,-75
99,-75
123,-75
OFFSET,37037
13,-63
4,-56
8,-39
5,-56
6,-56
9,-39
7,-39
11,-67
19,-89
18,-66
17,-65
10,-61
12,-86
23,-71
14,-78
24,-81
37,-76
15,-59
16,-61
20,-88
22,-79
21,-77
29,-76
30,-81
33,-76
46,-77
34,-55
43,-55
28,-54
72,-71
25,-73
36,-53
26,-57
38,-53
39,-80
51,-86
32,-71
31,-74
44,-54
45,-53
52,-88
49,-65
53,-87
47,-78
35,-65
58,-56
27,-51
40,-64
48,-80
41,-64
65,-81
50,-83
42,-79
97,-71
70,-58
76,-79
61,-82
62,-64
78,-80
109,-54
98,-53
106,-53
64,-64
84,-67
56,-64
63,-66
75,-72
57,-63
82,-66
211,-72
81,-68
68,-67
126,-75
83,-66
54,-64
104,-80
67,-74
88,-70
60,-65
107,-71
100,-77
71,-68
86,-72
93,-87
69,-65
80,-69
103,-80
108,-77
102,-71
85,-66
96,-77
79,-74
90,-71
74,-72
127,-85
129,-80
128,-82
213,-73
59,-71
95,-80
94,-86
105,-76
101,-75
99,-75
123,-75
OFFSET,38233
13,-62
4,-54
8,-38
5,-53
6,-55
9,-38
7,-38
11,-65
19,-89
18,-66
17,-66
10,-61
12,-86
23,-71
14,-78
24,-81
37,-76
15,-59
16,-61
20,-88
22,-79
21,-77
29,-76
30,-81
33,-76
46,-77
34,-55
43,-56
28,-52
72,-71
25,-69
36,-54
26,-55
38,-58
39,-78
51,-86
32,-67
31,-69
44,-54
45,-55
52,-88
49,-64
53,-87
47,-78
35,-65
58,-54
27,-63
40,-62
48,-75
41,-63
65,-81
50,-83
42,-79
97,-71
70,-51
76,-79
61,-82
62,-64
78,-80
109,-60
98,-61
106,-61
64,-65
84,-67
56,-65
63,-65
75,-72
57,-63
82,-66
211,-72
81,-68
68,-70
126,-75
83,-66
54,-64
104,-80
67,-74
88,-70
60,-65
107,-73
100,-77
71,-68
86,-68
69,-65
80,-69
103,-80
108,-77
102,-71
85,-66
96,-77
79,-65
90,-66
74,-72
127,-85
129,-80
128,-82
213,-73
59,-71
95,-80
94,-86
105,-76
101,-75
99,-75
123,-75
OFFSET,39440
13,-61
4,-56
8,-43
5,-53
6,-55
9,-44
7,-43
11,-70
19,-89
18,-72
17,-70
10,-61
12,-86
23,-71
14,-78
24,-81
37,-70
15,-59
16,-61
20,-88
22,-79
21,-77
29,-76
30,-81
33,-69
46,-72
34,-54
43,-53
28,-54
72,-71
25,-69
36,-56
26,-52
38,-57
39,-62
51,-72
32,-67
31,-69
44,-56
45,-55
52,-72
49,-57
53,-73
47,-62
35,-65
58,-52
27,-54
40,-57
48,-62
41,-64
65,-81
50,-83
42,-79
97,-71
70,-54
76,-79
61,-68
62,-68
78,-80
109,-57
98,-56
106,-56
64,-65
84,-67
56,-65
63,-65
75,-70
57,-67
82,-64
211,-72
81,-68
68,-68
126,-75
83,-66
54,-61
104,-80
67,-61
88,-70
60,-63
107,-78
100,-77
71,-63
86,-64
69,-63
80,-65
103,-80
108,-77
102,-71
85,-69
96,-77
79,-65
90,-66
74,-72
127,-85
129,-80
128,-82
213,-73
59,-71
95,-80
94,-86
105,-76
101,-74
99,-75
123,-75
236,-70
OFFSET,40653
13,-61
4,-58
8,-41
5,-56
6,-57
9,-41
7,-40
11,-69
19,-89
18,-68
17,-67
10,-61
12,-86
23,-71
14,-78
24,-81
37,-80
15,-59
16,-61
20,-88
22,-79
21,-77
29,-76
30,-81
33,-79
46,-80
34,-56
43,-56
28,-57
72,-71
25,-69
36,-51
26,-56
38,-51
39,-70
51,-82
32,-67
31,-69
44,-51
45,-50
52,-81
49,-62
53,-81
47,-70
35,-60
58,-53
27,-61
40,-65
48,-70
41,-61
65,-81
50,-78
42,-79
97,-69
70,-56
76,-79
61,-71
62,-66
78,-80
109,-60
98,-60
106,-60
64,-68
84,-67
56,-66
63,-68
75,-70
57,-60
82,-64
211,-72
81,-68
68,-69
126,-75
83,-66
54,-67
104,-78
67,-59
88,-75
60,-63
107,-72
100,-77
71,-63
86,-64
69,-63
80,-63
108,-77
102,-74
85,-66
96,-73
79,-73
90,-66
74,-72
127,-85
129,-80
128,-82
213,-73
59,-71
95,-80
94,-86
105,-76
101,-74
99,-75
123,-75
236,-71
OFFSET,41866
13,-61
4,-58
8,-41
5,-55
6,-57
9,-40
7,-40
11,-69
19,-89
18,-68
17,-67
10,-61
12,-86
23,-71
14,-78
24,-79
37,-86
15,-61
16,-62
20,-87
22,-79
21,-77
29,-82
30,-83
33,-79
46,-80
34,-57
43,-57
28,-54
72,-71
25,-69
36,-51
26,-47
38,-59
39,-73
51,-82
32,-71
31,-69
44,-51
45,-52
52,-82
49,-60
53,-81
47,-72
35,-64
58,-48
27,-60
40,-69
48,-73
41,-68
65,-81
50,-78
42,-79
97,-67
70,-47
61,-64
62,-66
78,-80
109,-61
98,-60
106,-60
64,-68
84,-67
56,-60
63,-67
75,-70
57,-65
82,-64
81,-68
68,-69
126,-75
83,-66
54,-61
104,-78
67,-58
88,-74
60,-63
107,-72
100,-77
71,-62
86,-72
69,-63
80,-63
108,-77
102,-74
85,-66
96,-73
79,-73
90,-74
74,-72
127,-85
129,-80
128,-82
213,-65
59,-71
95,-80
94,-86
105,-76
101,-74
99,-75
123,-75
236,-71
103,-72
OFFSET,43066
13,-62
4,-60
8,-43
5,-60
6,-60
9,-42
7,-42
11,-69
19,-89
18,-68
17,-67
10,-61
12,-86
23,-71
14,-78
24,-72
37,-86
15,-61
16,-62
20,-87
22,-79
21,-77
29,-72
30,-72
33,-79
46,-80
34,-56
43,-54
28,-56
25,-69
36,-54
26,-55
38,-60
39,-65
51,-82
32,-71
31,-69
44,-54
45,-54
52,-82
49,-57
53,-81
47,-64
35,-64
58,-53
27,-59
40,-56
48,-65
41,-57
65,-81
50,-78
42,-79
97,-67
70,-55
61,-64
62,-69
78,-80
109,-61
98,-61
106,-61
64,-70
84,-67
56,-60
63,-70
75,-70
57,-65
82,-64
81,-68
68,-66
126,-73
83,-66
54,-60
104,-78
67,-67
88,-66
60,-63
107,-72
100,-77
71,-62
86,-72
69,-61
80,-58
108,-77
102,-74
85,-67
96,-73
79,-73
90,-74
74,-66
127,-76
129,-80
128,-82
213,-68
59,-71
95,-80
94,-86
105,-76
101,-74
99,-75
123,-75
236,-71
103,-72
OFFSET,44290
13,-65
4,-55
8,-40
5,-54
6,-54
9,-40
7,-39
11,-69
19,-89
18,-72
17,-76
10,-61
12,-86
23,-71
14,-78
24,-82
37,-80
15,-61
16,-62
20,-87
22,-79
21,-77
29,-83
30,-84
33,-80
46,-80
34,-57
43,-57
28,-55
25,-69
36,-52
26,-51
38,-61
39,-72
51,-86
32,-71
31,-69
44,-51
45,-52
52,-82
49,-61
53,-81
47,-71
35,-63
58,-53
27,-57
40,-62
48,-72
41,-60
65,-81
50,-78
42,-79
97,-68
70,-57
61,-64
62,-69
109,-65
98,-61
106,-64
64,-70
56,-60
63,-70
75,-70
57,-64
82,-64
68,-72
126,-73
83,-66
54,-61
104,-78
67,-62
88,-64
60,-66
107,-72
71,-62
86,-72
69,-68
80,-58
108,-77
102,-74
85,-67
96,-73
79,-68
90,-67
74,-66
127,-76
213,-64
59,-71
95,-80
94,-86
105,-76
101,-74
99,-75
123,-75
236,-71
103,-72
OFFSET,45490
13,-65
4,-57
8,-41
5,-56
6,-58
9,-43
7,-42
11,-76
19,-89
18,-74
17,-76
10,-65
12,-86
23,-71
14,-78
24,-82
37,-84
15,-63
16,-64
20,-87
22,-79
21,-77
29,-83
30,-84
33,-80
46,-82
34,-57
43,-57
28,-55
25,-69
36,-48
26,-48
38,-61
39,-71
51,-86
32,-71
31,-69
44,-47
45,-47
52,-82
49,-63
53,-81
47,-70
35,-66
58,-55
27,-62
40,-63
48,-69
41,-62
65,-81
50,-78
97,-68
70,-47
61,-64
62,-69
109,-58
98,-59
106,-59
64,-70
56,-60
63,-70
75,-70
57,-62
82,-64
68,-71
126,-73
83,-65
54,-59
104,-78
67,-53
88,-64
60,-66
107,-72
71,-54
86,-72
69,-68
80,-58
108,-75
102,-69
85,-67
96,-73
79,-68
90,-67
74,-66
127,-76
213,-69
59,-71
95,-80
94,-86
105,-76
101,-74
99,-75
123,-75
236,-71
103,-67
81,-64
217,-75
100,-76
OFFSET,46709
13,-65
4,-57
8,-40
5,-58
6,-57
9,-40
7,-40
11,-76
19,-89
18,-74
17,-76
10,-65
12,-86
23,-71
14,-78
24,-82
37,-77
15,-63
16,-64
20,-87
22,-79
21,-77
29,-83
30,-84
33,-80
46,-77
34,-57
43,-58
28,-57
25,-69
36,-55
26,-54
38,-61
39,-57
51,-80
32,-71
31,-69
44,-53
45,-53
52,-82
49,-64
53,-78
47,-57
35,-66
58,-55
27,-62
40,-64
48,-58
41,-62
65,-81
50,-78
97,-63
70,-63
61,-65
62,-71
109,-58
98,-58
106,-59
64,-71
56,-72
63,-72
75,-63
57,-62
82,-64
68,-70
126,-73
83,-65
54,-60
104,-78
67,-59
88,-64
60,-61
107,-72
71,-72
86,-72
69,-68
80,-58
108,-75
102,-69
85,-82
96,-73
79,-68
90,-67
74,-72
127,-76
213,-68
59,-71
95,-80
94,-86
105,-76
101,-74
99,-75
123,-75
236,-71
103,-67
81,-64
217,-75
100,-76
89,-77
OFFSET,47919
13,-65
4,-61
8,-45
5,-60
6,-59
9,-44
7,-45
11,-75
19,-89
18,-74
17,-75
10,-65
12,-86
23,-71
24,-77
37,-77
15,-63
16,-64
20,-87
29,-83
30,-77
33,-80
46,-77
34,-57
43,-56
28,-57
25,-69
36,-48
26,-47
38,-71
39,-61
51,-80
32,-71
31,-69
44,-49
45,-48
52,-82
49,-67
53,-78
47,-60
35,-69
58,-55
27,-62
40,-64
48,-60
41,-65
65,-81
50,-78
97,-63
70,-46
61,-65
62,-64
109,-56
98,-56
106,-56
64,-64
56,-64
63,-64
75,-63
57,-65
82,-64
68,-67
126,-73
83,-65
54,-54
104,-78
67,-59
88,-64
60,-61
107,-77
71,-59
86,-65
69,-68
80,-61
108,-75
102,-69
85,-82
96,-73
79,-68
90,-67
74,-66
127,-76
213,-66
59,-71
94,-73
105,-76
101,-74
99,-75
123,-75
236,-71
103,-68
81,-64
217,-75
100,-76
89,-77
OFFSET,49124
13,-65
4,-63
8,-48
5,-62
6,-63
9,-48
7,-47
11,-75
19,-89
18,-74
17,-75
10,-65
12,-86
23,-71
24,-77
37,-78
15,-63
16,-64
20,-87
29,-83
30,-77
33,-78
46,-78
34,-59
43,-59
28,-59
25,-69
36,-53
26,-51
38,-69
39,-61
51,-76
32,-71
31,-69
44,-52
45,-53
52,-82
49,-65
53,-78
47,-60
35,-69
58,-54
27,-62
40,-62
48,-60
41,-62
65,-81
50,-78
97,-63
70,-54
61,-69
62,-64
109,-56
98,-56
106,-56
64,-64
56,-64
63,-64
75,-63
57,-67
82,-64
68,-69
126,-73
83,-65
54,-61
104,-78
67,-63
88,-64
60,-56
107,-77
71,-65
86,-65
69,-54
80,-63
108,-75
102,-69
85,-82
96,-73
79,-68
90,-67
74,-66
127,-76
213,-66
59,-71
94,-73
101,-74
123,-75
236,-71
103,-68
81,-64
217,-75
100,-76
89,-79
OFFSET,50327
13,-65
4,-59
8,-48
5,-59
6,-59
9,-49
7,-48
11,-75
18,-74
17,-75
10,-65
23,-71
24,-77
37,-78
15,-63
16,-64
20,-87
29,-83
30,-77
33,-79
46,-78
34,-59
43,-59
28,-59
25,-69
36,-48
26,-63
38,-69
39,-57
51,-76
32,-71
31,-69
44,-50
45,-50
52,-82
49,-70
53,-78
47,-58
35,-69
58,-53
27,-65
40,-71
48,-56
41,-69
65,-81
50,-78
97,-63
70,-59
61,-69
62,-64
109,-56
98,-60
106,-65
64,-64
56,-64
63,-64
75,-63
57,-67
82,-64
68,-69
126,-73
83,-65
54,-64
104,-68
67,-58
88,-64
60,-56
107,-74
71,-58
86,-72
69,-55
80,-60
108,-75
102,-69
85,-82
96,-69
79,-70
90,-67
74,-66
127,-76
213,-64
59,-71
94,-73
101,-74
123,-75
236,-71
103,-69
81,-64
217,-75
100,-76
89,-79
OFFSET,51510
13,-71
4,-59
8,-47
5,-57
6,-59
9,-47
7,-46
11,-75
18,-74
17,-75
10,-65
23,-71
24,-77
37,-78
15,-63
16,-64
20,-87
29,-83
30,-77
33,-89
46,-78
34,-60
43,-60
28,-59
25,-69
36,-50
26,-51
38,-69
39,-70
51,-76
32,-71
31,-69
44,-48
45,-48
52,-82
49,-70
53,-78
47,-69
35,-68
58,-53
27,-73
40,-71
48,-69
41,-69
50,-78
97,-66
70,-50
61,-65
62,-70
109,-56
98,-55
106,-56
64,-69
56,-69
63,-68
75,-63
57,-68
82,-64
68,-69
126,-73
83,-65
54,-61
104,-68
67,-53
88,-64
60,-66
107,-74
71,-54
86,-72
69,-66
80,-57
108,-75
102,-69
85,-82
96,-69
79,-70
90,-67
74,-66
127,-76
213,-75
59,-71
94,-73
101,-70
123,-75
236,-71
103,-74
81,-64
217,-75
100,-76
89,-90
133,-88
OFFSET,52703
13,-69
4,-63
8,-52
5,-63
6,-62
9,-53
7,-52
11,-75
18,-74
17,-75
10,-65
23,-71
24,-77
37,-78
15,-63
16,-64
20,-87
29,-83
30,-77
33,-89
46,-78
34,-61
43,-62
28,-63
25,-69
36,-48
26,-56
38,-72
39,-69
51,-76
32,-71
31,-69
44,-47
45,-48
52,-82
49,-76
53,-78
47,-69
35,-66
58,-59
27,-68
40,-75
48,-70
41,-76
50,-78
97,-66
70,-53
61,-65
62,-64
109,-61
98,-63
106,-63
64,-63
56,-63
63,-63
75,-65
57,-63
82,-64
68,-69
126,-74
83,-65
54,-55
104,-68
67,-60
88,-64
60,-61
107,-75
71,-59
86,-65
69,-66
80,-57
108,-75
102,-69
85,-82
96,-66
79,-66
90,-66
74,-66
127,-76
213,-67
59,-71
94,-73
101,-70
123,-75
236,-71
103,-66
81,-64
217,-75
100,-76
89,-90
133,-88
233,-77
OFFSET,53888
13,-69
4,-62
8,-47
5,-62
6,-61
9,-49
7,-49
11,-75
18,-74
17,-75
10,-65
23,-71
24,-77
37,-88
15,-63
16,-64
20,-87
29,-83
30,-77
33,-88
46,-89
34,-63
43,-61
28,-64
25,-69
36,-51
26,-46
38,-72
39,-68
51,-76
32,-71
31,-69
44,-51
45,-51
52,-82
49,-70
53,-78
47,-68
35,-66
58,-45
27,-68
40,-75
48,-68
41,-68
50,-78
97,-68
70,-49
61,-65
62,-64
109,-58
98,-58
106,-58
64,-70
56,-71
63,-70
75,-65
57,-68
82,-65
68,-69
126,-68
83,-66
54,-57
104,-68
67,-60
88,-64
60,-57
107,-75
71,-58
86,-63
69,-58
80,-64
108,-75
102,-73
85,-82
96,-66
79,-66
90,-65
74,-69
127,-76
213,-66
59,-71
94,-73
101,-70
123,-68
236,-71
103,-66
81,-64
217,-75
100,-76
89,-90
133,-88
233,-77
OFFSET,55087
13,-69
4,-62
8,-49
5,-62
6,-61
9,-51
7,-48
11,-75
18,-74
17,-75
10,-65
23,-71
24,-77
37,-88
15,-63
16,-64
20,-87
29,-83
30,-77
33,-88
46,-89
34,-63
43,-61
28,-64
25,-69
36,-53
26,-51
38,-71
39,-58
51,-76
32,-71
31,-69
44,-54
45,-55
52,-82
49,-72
53,-78
47,-57
35,-66
58,-52
27,-68
40,-73
48,-57
41,-73
97,-68
70,-53
61,-65
62,-64
109,-59
98,-58
106,-56
64,-65
56,-65
63,-64
75,-65
57,-69
82,-65
68,-69
126,-68
83,-66
54,-60
104,-82
67,-60
88,-63
60,-58
107,-71
71,-58
86,-63
69,-58
80,-64
108,-71
102,-73
85,-78
96,-66
79,-66
90,-65
74,-69
127,-76
213,-66
59,-62
94,-73
101,-70
123,-68
103,-63
81,-64
217,-75
100,-76
89,-90
133,-88
233,-77
105,-74
135,-77
OFFSET,56273
13,-69
4,-62
8,-48
5,-62
6,-61
9,-48
7,-48
11,-75
18,-74
17,-75
10,-67
23,-75
24,-77
37,-88
15,-65
16,-66
29,-83
30,-77
33,-88
46,-89
34,-60
43,-61
28,-61
36,-51
26,-56
38,-71
39,-67
51,-87
44,-51
45,-51
49,-72
53,-78
47,-67
35,-65
58,-61
27,-68
40,-73
48,-67
41,-73
97,-81
70,-54
61,-63
62,-67
109,-59
98,-58
106,-59
64,-65
56,-65
63,-64
75,-65
57,-69
82,-59
68,-69
126,-73
83,-59
54,-60
104,-82
67,-69
88,-63
60,-57
107,-71
71,-70
86,-63
69,-61
80,-66
108,-71
102,-73
85,-78
96,-66
79,-66
90,-65
74,-66
127,-76
213,-68
59,-68
94,-73
101,-71
123,-73
103,-65
81,-60
217,-75
100,-76
89,-88
133,-88
233,-77
105,-74
135,-77
84,-60
72,-71
228,-74
136,-77
OFFSET,57557
13,-69
4,-64
8,-50
5,-65
6,-66
9,-50
7,-50
11,-75
18,-74
17,-75
10,-67
23,-75
24,-77
37,-88
15,-65
16,-66
29,-83
30,-77
33,-91
46,-88
34,-63
43,-63
28,-63
36,-52
26,-53
38,-71
39,-68
51,-91
44,-53
45,-54
49,-83
53,-91
47,-69
35,-72
58,-54
27,-66
40,-82
48,-69
41,-73
97,-76
70,-56
61,-69
62,-64
109,-57
98,-59
106,-58
64,-65
56,-64
63,-65
75,-65
57,-69
82,-58
68,-69
126,-73
83,-60
54,-69
104,-66
67,-69
88,-75
60,-57
107,-80
71,-70
86,-65
69,-54
80,-64
108,-71
102,-68
85,-78
96,-66
79,-66
90,-65
74,-66
213,-84
59,-68
94,-73
101,-71
123,-73
103,-72
81,-58
217,-75
100,-76
89,-88
133,-88
233,-77
105,-74
135,-77
84,-59
72,-71
228,-82
136,-77
99,-72
52,-92
OFFSET,58743
13,-69
4,-64
8,-50
5,-65
6,-66
9,-50
7,-50
11,-75
18,-74
17,-75
10,-67
23,-75
24,-77
37,-88
15,-65
16,-66
30,-77
33,-91
46,-88
34,-63
43,-62
28,-62
36,-53
26,-57
38,-71
39,-67
51,-91
44,-54
45,-54
49,-81
53,-91
47,-68
35,-73
58,-58
27,-66
40,-82
48,-68
41,-80
97,-78
70,-60
61,-66
62,-64
109,-58
98,-58
106,-59
64,-65
56,-64
63,-65
75,-65
57,-69
82,-58
68,-69
126,-73
83,-60
54,-55
104,-72
67,-69
88,-74
60,-56
107,-69
71,-66
86,-58
69,-56
80,-64
108,-71
102,-62
85,-78
96,-66
79,-66
90,-65
74,-63
213,-68
59,-65
94,-86
101,-71
123,-73
103,-72
81,-58
217,-75
100,-71
89,-88
133,-88
233,-77
105,-74
135,-77
84,-59
72,-71
228,-82
136,-77
99,-72
52,-92
164,-78
146,-86
OFFSET,59943
13,-69
4,-66
8,-45
5,-65
6,-66
9,-47
7,-46
11,-79
17,-75
10,-67
23,-75
24,-77
37,-87
15,-65
16,-66
30,-77
33,-91
46,-88
34,-64
43,-65
28,-62
36,-53
26,-62
38,-79
39,-67
51,-90
44,-51
45,-50
49,-83
53,-91
47,-67
35,-66
58,-59
27,-69
40,-81
48,-67
41,-80
97,-76
70,-58
61,-77
62,-64
109,-57
98,-56
106,-56
64,-65
56,-64
63,-65
75,-65
57,-74
82,-59
68,-69
126,-69
83,-59
54,-57
104,-72
67,-69
88,-74
60,-59
107,-72
71,-69
86,-65
69,-58
80,-64
108,-71
102,-62
85,-78
96,-66
79,-66
90,-65
74,-63
213,-66
59,-65
94,-75
101,-70
123,-69
103,-68
81,-58
100,-69
89,-88
133,-88
233,-77
105,-74
135,-72
84,-63
72,-71
228,-82
136,-77
99,-70
52,-92
164,-78
146,-86
139,-75
144,-74
143,-87
29,-89
OFFSET,61160
13,-69
4,-66
8,-49
5,-65
6,-66
9,-49
7,-48
11,-79
17,-75
10,-67
23,-75
24,-77
37,-87
15,-65
16,-66
30,-77
33,-91
46,-88
34,-64
43,-64
28,-63
36,-54
26,-63
38,-66
39,-72
51,-90
44,-53
45,-54
49,-83
53,-91
47,-72
35,-70
58,-59
27,-69
40,-73
48,-73
41,-72
97,-76
70,-60
61,-77
62,-66
109,-56
98,-57
106,-56
64,-65
56,-64
63,-65
75,-61
57,-78
82,-63
68,-75
126,-66
83,-59
54,-52
104,-72
67,-69
88,-65
60,-60
107,-72
71,-69
86,-64
69,-60
80,-75
108,-70
102,-68
85,-78
96,-65
79,-65
90,-65
74,-63
213,-68
59,-65
94,-75
101,-66
123,-67
103,-68
81,-58
100,-69
89,-84
133,-88
233,-75
105,-74
135,-72
84,-61
72,-71
228,-82
136,-77
99,-70
52,-92
164,-78
146,-86
139,-75
144,-74
143,-87
29,-89
93,-69
193,-73
OFFSET,62356
13,-69
4,-61
8,-50
5,-65
6,-62
9,-50
7,-50
11,-79
10,-67
23,-75
37,-87
15,-65
16,-66
33,-91
46,-88
34,-65
43,-65
28,-64
36,-58
26,-62
38,-66
39,-63
51,-88
44,-56
45,-56
49,-83
53,-91
47,-64
35,-69
58,-63
27,-66
40,-73
48,-63
41,-81
97,-76
70,-63
61,-77
62,-66
109,-56
98,-56
106,-56
64,-65
56,-66
63,-65
75,-62
57,-78
82,-57
68,-75
126,-66
83,-57
54,-61
104,-65
67,-69
88,-77
60,-55
107,-70
71,-68
86,-64
69,-57
80,-75
108,-70
102,-68
85,-78
96,-65
79,-63
90,-65
74,-65
213,-69
59,-65
94,-80
101,-66
123,-67
103,-66
81,-58
100,-69
89,-83
133,-88
233,-75
105,-74
135,-72
84,-61
72,-71
228,-82
136,-77
99,-70
52,-92
164,-78
146,-86
139,-75
144,-74
143,-87
29,-89
93,-69
193,-73
127,-72
184,-87
128,-70
129,-73
OFFSET,63562
13,-69
4,-62
8,-48
5,-63
6,-62
9,-47
7,-47
11,-79
10,-64
23,-75
37,-87
15,-64
16,-64
33,-91
46,-88
34,-60
43,-61
28,-60
36,-53
26,-62
38,-66
39,-63
51,-87
44,-54
45,-52
49,-71
53,-87
47,-64
35,-81
58,-63
27,-66
40,-73
48,-64
41,-68
97,-76
70,-70
61,-64
62,-68
109,-57
98,-58
106,-58
64,-65
56,-70
63,-69
75,-58
57,-68
82,-57
68,-75
126,-69
83,-62
54,-61
104,-65
67,-69
88,-66
60,-56
107,-73
71,-68
86,-63
69,-57
80,-75
108,-72
102,-68
85,-78
96,-65
79,-63
90,-62
74,-65
213,-63
59,-65
94,-67
101,-70
123,-69
103,-67
81,-58
100,-73
89,-83
133,-88
233,-75
105,-72
135,-72
84,-61
72,-71
228,-82
136,-77
99,-69
52,-88
164,-78
146,-86
139,-75
144,-74
143,-87
29,-89
93,-69
193,-73
127,-72
184,-87
128,-70
129,-73
157,-79
OFFSET,64756
13,-69
4,-62
8,-53
5,-62
6,-62
9,-53
7,-52
11,-79
10,-64
23,-75
37,-87
15,-64
16,-64
33,-91
46,-88
34,-63
43,-62
28,-63
36,-53
26,-62
38,-66
39,-67
51,-87
44,-54
45,-52
49,-71
53,-87
47,-66
35,-69
58,-63
27,-66
40,-73
48,-66
41,-68
97,-66
70,-63
61,-64
62,-63
109,-58
98,-57
106,-57
64,-62
56,-62
63,-62
75,-57
57,-70
82,-57
68,-79
126,-70
83,-62
54,-58
104,-58
67,-69
88,-66
60,-54
107,-69
71,-70
86,-63
69,-52
80,-74
108,-72
102,-68
85,-78
96,-65
79,-63
90,-62
74,-65
213,-63
59,-65
94,-67
101,-70
123,-69
103,-66
81,-58
100,-73
89,-83
133,-88
233,-75
105,-72
135,-72
84,-61
72,-71
228,-82
136,-77
99,-69
52,-88
164,-80
146,-86
139,-75
144,-74
143,-87
29,-89
93,-69
193,-73
127,-72
184,-87
128,-70
129,-73
157,-79
151,-82
137,-82
OFFSET,65958
13,-69
4,-62
8,-56
5,-62
6,-62
9,-57
7,-56
11,-79
10,-64
23,-75
37,-88
15,-64
16,-64
33,-91
46,-88
34,-63
43,-62
28,-63
36,-52
26,-57
38,-66
39,-66
51,-87
44,-52
45,-53
49,-71
53,-87
47,-66
35,-68
58,-59
27,-66
40,-73
48,-66
41,-68
97,-61
70,-59
61,-63
62,-67
109,-58
98,-58
106,-59
64,-67
56,-64
63,-67
75,-59
57,-70
82,-65
68,-79
126,-69
83,-66
54,-58
104,-58
67,-69
88,-66
60,-60
107,-66
71,-74
86,-62
69,-52
80,-74
108,-72
102,-62
85,-78
96,-65
79,-63
90,-62
74,-65
213,-62
59,-57
94,-69
101,-69
123,-69
103,-64
81,-64
100,-73
89,-83
133,-88
233,-75
105,-72
135,-72
84,-79
72,-71
228,-82
136,-77
99,-69
52,-88
164,-80
146,-86
139,-75
144,-74
143,-87
29,-89
93,-67
193,-73
127,-72
184,-87
128,-70
129,-73
157,-79
151,-82
137,-82
160,-79
169,-75
OFFSET,67160
4,-65
8,-53
5,-67
6,-66
9,-53
7,-54
11,-79
10,-64
23,-75
37,-88
15,-64
16,-64
33,-91
46,-88
34,-63
43,-62
28,-63
36,-62
26,-61
38,-71
39,-63
51,-87
44,-60
45,-61
49,-75
53,-87
47,-62
35,-68
58,-59
27,-66
40,-73
48,-63
41,-68
97,-61
70,-59
61,-59
62,-63
109,-58
98,-59
106,-58
64,-62
56,-63
63,-62
75,-59
57,-72
82,-65
68,-79
126,-69
83,-66
54,-54
104,-58
67,-69
88,-66
60,-56
107,-75
71,-74
86,-62
69,-57
80,-74
108,-72
102,-54
85,-78
96,-65
79,-61
90,-59
74,-65
213,-63
59,-59
94,-63
101,-69
123,-69
103,-60
81,-64
100,-73
89,-83
133,-88
233,-75
105,-71
135,-72
84,-64
72,-71
228,-82
136,-77
99,-67
52,-88
164,-80
146,-86
139,-75
144,-74
143,-87
29,-89
93,-67
193,-73
127,-72
184,-87
128,-70
129,-73
157,-79
151,-82
137,-82
160,-79
169,-75
140,-88
OFFSET,68353
4,-65
8,-56
5,-67
6,-66
9,-56
7,-57
11,-79
10,-64
23,-75
37,-88
15,-64
16,-64
33,-91
46,-88
34,-60
43,-61
28,-60
36,-54
26,-61
38,-71
39,-68
51,-87
44,-57
45,-56
49,-75
53,-87
47,-68
35,-74
58,-59
27,-66
40,-73
48,-66
41,-87
97,-75
70,-60
61,-76
62,-68
109,-55
98,-54
106,-55
64,-65
56,-66
63,-65
75,-59
57,-68
82,-59
68,-79
126,-69
83,-66
54,-59
104,-58
67,-72
88,-66
60,-56
107,-75
71,-74
86,-57
69,-63
80,-74
108,-70
102,-64
85,-78
96,-65
79,-61
90,-59
74,-61
213,-63
59,-59
94,-75
101,-69
123,-69
103,-65
81,-64
100,-70
89,-83
133,-88
233,-67
105,-70
135,-76
84,-64
72,-71
228,-80
136,-77
99,-67
52,-88
164,-80
146,-86
139,-76
144,-75
143,-87
29,-89
93,-67
193,-73
127,-70
184,-87
128,-73
129,-73
157,-79
151,-82
137,-82
160,-79
169,-75
140,-88
OFFSET,69628
4,-65
8,-52
5,-67
6,-66
9,-52
7,-52
11,-79
10,-64
23,-75
37,-88
15,-64
16,-64
33,-91
46,-88
34,-60
43,-61
28,-60
36,-53
26,-61
38,-71
39,-52
51,-87
44,-54
45,-55
49,-77
53,-87
47,-52
35,-74
58,-59
27,-73
40,-73
48,-51
41,-87
97,-60
70,-60
61,-58
62,-62
109,-53
98,-56
106,-53
64,-68
56,-66
63,-65
75,-60
57,-68
82,-59
68,-79
126,-69
83,-66
54,-61
104,-58
67,-72
88,-62
60,-66
107,-75
71,-74
86,-59
69,-65
80,-74
108,-70
102,-61
96,-57
79,-59
90,-57
74,-61
213,-63
59,-61
94,-75
101,-69
123,-69
103,-65
81,-64
100,-70
89,-83
133,-88
233,-63
105,-68
135,-76
84,-64
72,-71
228,-72
136,-77
99,-67
52,-88
164,-80
146,-86
139,-76
144,-75
143,-87
29,-89
93,-67
193,-73
127,-70
184,-87
128,-73
129,-73
157,-79
151,-82
137,-82
160,-79
169,-75
140,-88
OFFSET,70829
4,-64
8,-49
5,-64
6,-65
9,-51
7,-48
11,-79
10,-64
37,-88
15,-64
16,-64
33,-91
46,-88
34,-60
43,-61
28,-61
36,-56
26,-66
38,-71
39,-54
51,-79
44,-55
45,-55
49,-77
53,-87
47,-52
35,-75
58,-63
27,-73
40,-73
48,-53
41,-87
97,-60
70,-55
61,-67
62,-62
109,-56
98,-55
106,-54
64,-68
56,-66
63,-65
75,-60
57,-72
82,-59
68,-79
126,-69
83,-66
54,-65
104,-58
67,-72
88,-68
60,-66
107,-72
71,-69
86,-57
69,-65
80,-74
108,-70
102,-61
96,-59
79,-61
90,-59
74,-61
213,-61
59,-61
94,-75
101,-69
123,-69
103,-66
81,-64
100,-66
89,-74
133,-77
233,-59
105,-68
135,-73
84,-64
228,-72
99,-67
52,-80
164,-80
146,-86
139,-73
144,-73
143,-87
29,-89
93,-67
193,-73
127,-68
184,-87
128,-71
129,-71
157,-79
151,-75
137,-82
160,-72
169,-75
140,-77
145,-72
OFFSET,72029
4,-65
8,-50
5,-64
6,-65
9,-50
7,-49
11,-79
10,-64
37,-88
15,-64
16,-64
46,-88
34,-60
43,-61
28,-65
36,-58
26,-66
38,-71
39,-46
51,-79
44,-58
45,-58
49,-77
53,-87
47,-45
35,-72
58,-63
27,-73
40,-73
48,-46
41,-87
97,-60
70,-60
61,-67
62,-64
109,-55
98,-56
106,-56
64,-63
56,-62
63,-63
75,-57
57,-72
82,-61
68,-79
126,-64
83,-60
54,-65
104,-58
67,-72
88,-68
60,-66
107,-72
71,-69
86,-52
69,-58
80,-74
108,-66
102,-58
96,-56
79,-56
90,-56
74,-57
213,-61
59,-61
94,-75
101,-69
123,-64
103,-63
81,-60
100,-65
89,-74
133,-77
233,-59
105,-68
135,-73
84,-61
228,-72
99,-67
52,-80
164,-80
146,-86
139,-73
144,-73
143,-87
29,-89
93,-67
193,-73
127,-68
184,-87
128,-71
129,-71
157,-79
151,-75
137,-82
160,-72
169,-75
140,-77
145,-72
OFFSET,73225
4,-69
8,-53
5,-69
6,-69
9,-52
7,-53
11,-79
10,-64
37,-81
15,-64
16,-64
46,-88
34,-60
43,-59
28,-59
36,-54
26,-66
38,-71
39,-42
51,-84
44,-54
45,-54
49,-77
53,-87
47,-43
35,-72
58,-61
27,-73
40,-73
48,-42
41,-87
97,-59
70,-60
61,-67
62,-62
109,-54
98,-54
106,-54
64,-62
56,-62
63,-62
75,-57
57,-72
82,-64
68,-79
126,-67
83,-63
54,-65
104,-58
67,-72
88,-68
60,-58
107,-81
71,-69
86,-55
69,-57
80,-69
108,-69
102,-58
96,-60
79,-60
90,-60
74,-55
213,-65
59,-61
94,-61
101,-66
123,-66
103,-59
81,-63
100,-69
89,-74
133,-77
233,-59
105,-68
135,-68
84,-62
228,-72
99,-66
52,-80
164,-80
139,-73
144,-73
143,-87
29,-89
93,-67
193,-73
127,-68
184,-87
128,-71
129,-71
157,-79
151,-77
137,-74
160,-71
169,-74
140,-77
145,-72
OFFSET,74419
4,-63
8,-49
5,-62
6,-63
9,-48
7,-49
10,-64
37,-81
15,-64
16,-64
34,-60
43,-59
28,-59
36,-56
26,-66
38,-71
39,-58
51,-84
44,-56
45,-55
49,-77
53,-87
47,-60
35,-72
58,-79
27,-73
40,-73
48,-59
41,-87
97,-59
70,-60
61,-60
62,-59
109,-57
98,-57
106,-57
64,-60
56,-61
63,-62
75,-57
57,-71
82,-58
68,-79
126,-70
83,-58
54,-58
104,-60
67,-72
88,-68
60,-60
107,-81
71,-71
86,-51
69,-58
80,-73
108,-69
102,-62
96,-53
79,-52
90,-52
74,-61
213,-65
59,-58
94,-62
101,-69
123,-69
103,-62
81,-59
100,-69
89,-74
133,-77
233,-59
105,-68
135,-68
84,-61
228,-72
99,-67
52,-80
164,-80
139,-73
144,-73
93,-59
193,-73
127,-68
184,-87
128,-71
129,-71
157,-79
151,-73
137,-74
160,-75
169,-74
140,-77
145,-72
OFFSET,75616
4,-61
8,-55
5,-62
6,-62
9,-53
7,-54
10,-64
37,-81
15,-64
16,-64
34,-63
43,-67
28,-66
36,-59
26,-66
38,-71
39,-51
51,-84
44,-60
45,-60
49,-77
53,-87
47,-53
35,-71
58,-66
27,-73
48,-53
41,-87
97,-60
70,-60
61,-57
62,-60
109,-56
98,-57
106,-57
64,-61
56,-61
63,-61
75,-53
57,-71
82,-65
68,-79
126,-62
83,-58
54,-55
104,-55
67,-72
88,-68
60,-61
107,-81
71,-71
86,-54
69,-58
80,-73
108,-69
102,-62
96,-53
79,-55
90,-54
74,-57
213,-68
59,-59
94,-61
101,-62
123,-62
103,-63
81,-59
100,-71
89,-74
133,-77
233,-59
105,-65
135,-68
84,-66
228,-64
99,-62
52,-80
164,-80
139,-73
144,-73
93,-59
127,-68
184,-87
128,-71
129,-71
157,-79
151,-73
137,-74
160,-75
169,-74
140,-77
145,-72
23,-70
143,-70
OFFSET,76816
4,-61
8,-58
5,-62
6,-62
9,-59
7,-59
10,-64
37,-81
15,-64
16,-64
34,-64
43,-65
28,-62
36,-61
26,-68
38,-71
39,-52
51,-84
44,-60
45,-60
49,-77
53,-87
47,-55
35,-67
58,-65
27,-73
48,-56
41,-87
97,-61
70,-60
61,-59
62,-61
109,-54
98,-54
106,-54
64,-57
56,-58
63,-57
75,-55
57,-71
82,-63
68,-79
126,-64
83,-58
54,-55
104,-58
67,-73
88,-68
60,-65
107,-79
71,-71
86,-53
69,-62
80,-73
108,-65
102,-62
96,-54
79,-54
90,-53
74,-58
213,-68
59,-59
94,-58
101,-64
123,-64
103,-57
81,-59
100,-71
89,-74
133,-72
233,-61
105,-65
135,-68
84,-66
228,-64
99,-65
52,-80
164,-80
139,-73
144,-73
93,-59
127,-68
128,-71
129,-71
157,-74
151,-73
137,-74
160,-74
169,-74
140,-77
145,-72
23,-70
143,-70
OFFSET,78116
4,-61
8,-55
5,-62
6,-62
9,-56
7,-54
37,-81
34,-65
43,-64
28,-62
36,-60
26,-66
38,-71
39,-52
51,-84
44,-60
45,-60
49,-77
47,-53
35,-70
58,-65
27,-73
48,-54
41,-87
97,-74
70,-60
61,-61
62,-59
109,-54
98,-53
106,-54
64,-59
56,-58
63,-59
75,-55
57,-71
82,-63
68,-79
126,-64
83,-58
54,-55
104,-57
67,-75
88,-68
60,-66
107,-75
71,-71
86,-54
69,-62
80,-73
108,-65
102,-62
96,-54
79,-54
90,-54
74,-58
213,-68
59,-56
94,-58
101,-64
123,-64
103,-63
81,-59
100,-65
89,-71
133,-72
233,-61
105,-64
135,-68
84,-66
228,-64
99,-65
52,-80
164,-80
139,-73
144,-72
93,-59
127,-68
128,-65
129,-67
157,-74
151,-73
137,-74
160,-67
169,-74
140,-77
145,-72
23,-74
143,-70
OFFSET,79292
4,-61
8,-59
5,-62
6,-62
9,-59
7,-58
37,-81
34,-63
43,-66
28,-66
36,-58
26,-65
38,-71
39,-53
51,-84
44,-58
45,-58
49,-77
47,-54
35,-70
58,-65
27,-73
48,-54
41,-87
97,-74
70,-60
61,-56
62,-59
109,-53
98,-54
106,-53
64,-60
56,-60
63,-59
75,-51
57,-71
82,-63
126,-64
83,-58
54,-62
104,-59
67,-75
88,-68
60,-66
107,-75
71,-71
86,-45
69,-62
80,-73
108,-65
102,-62
96,-50
79,-50
90,-51
74,-52
213,-69
59,-63
94,-56
101,-65
123,-64
103,-65
81,-59
100,-65
89,-69
133,-72
233,-62
105,-64
135,-68
84,-60
228,-64
99,-64
52,-80
139,-73
144,-72
93,-56
127,-68
128,-65
129,-67
157,-74
151,-73
137,-74
160,-66
169,-74
140,-77
145,-72
23,-74
143,-70
OFFSET,80474
OFFSET,81614
4,-61
8,-61
5,-62
6,-62
9,-57
7,-61
37,-81
34,-66
43,-66
28,-66
36,-58
26,-69
39,-65
51,-84
44,-57
45,-57
49,-77
47,-64
35,-67
58,-69
27,-73
48,-64
41,-87
97,-58
70,-60
61,-68
62,-58
109,-55
98,-57
106,-57
64,-58
56,-58
63,-58
75,-56
57,-71
82,-63
126,-57
83,-65
54,-65
104,-60
67,-75
88,-68
60,-56
107,-75
71,-71
86,-54
69,-58
80,-73
108,-60
102,-67
96,-56
79,-56
90,-56
74,-62
213,-71
59,-50
94,-69
101,-54
123,-54
103,-63
81,-64
100,-63
89,-76
133,-72
233,-62
105,-61
135,-70
84,-60
228,-71
99,-57
52,-80
139,-72
144,-73
93,-62
127,-65
128,-65
129,-64
157,-74
151,-73
137,-74
160,-65
169,-74
140,-84
145,-72
23,-74
143,-70
10,-69
225,-77
15,-69
16,-71
146,-69
OFFSET,82811
4,-61
8,-56
5,-62
6,-62
9,-57
7,-57
37,-81
34,-66
43,-66
28,-66
36,-65
26,-71
39,-66
51,-84
44,-66
45,-66
49,-77
47,-66
35,-70
58,-69
27,-73
48,-65
97,-65
70,-60
61,-57
62,-56
109,-51
98,-51
106,-51
64,-56
56,-57
63,-56
75,-46
57,-71
82,-63
126,-55
83,-65
54,-61
104,-58
67,-75
88,-68
60,-60
107,-77
71,-71
86,-45
69,-58
80,-73
108,-62
102,-67
96,-52
79,-51
90,-52
74,-62
213,-74
59,-53
94,-55
101,-57
123,-56
103,-58
81,-64
100,-62
89,-76
133,-83
233,-62
105,-63
135,-69
84,-60
228,-71
99,-65
52,-80
139,-70
144,-69
93,-62
127,-65
128,-65
129,-64
157,-74
151,-73
137,-74
160,-69
169,-74
140,-84
145,-72
23,-74
143,-70
10,-69
225,-77
15,-69
16,-71
146,-66
152,-70
172,-86
OFFSET,84002
4,-61
8,-59
5,-62
6,-62
9,-59
7,-59
37,-81
34,-66
43,-66
28,-66
36,-58
26,-71
39,-63
51,-84
44,-60
45,-59
47,-65
35,-70
58,-69
48,-65
97,-62
70,-60
61,-61
62,-58
109,-59
98,-58
106,-60
64,-58
56,-57
63,-57
75,-57
57,-71
82,-63
126,-62
83,-63
54,-61
104,-51
67,-75
88,-68
60,-60
107,-77
71,-71
86,-49
69,-58
80,-73
108,-67
102,-70
96,-51
79,-51
90,-49
74,-50
213,-74
59,-60
94,-61
101,-66
123,-60
103,-61
81,-63
100,-68
89,-76
133,-83
233,-62
105,-68
135,-63
84,-60
228,-75
99,-65
52,-80
139,-65
144,-63
93,-62
127,-65
128,-68
129,-64
157,-74
151,-73
137,-79
160,-69
169,-74
140,-84
145,-72
23,-74
143,-70
10,-69
225,-77
15,-69
16,-71
146,-75
152,-70
172,-86
178,-74
OFFSET,85195
4,-61
8,-59
5,-62
6,-62
9,-58
7,-59
37,-81
34,-66
43,-62
28,-64
36,-62
26,-67
39,-57
51,-84
44,-64
45,-63
47,-56
35,-70
58,-79
48,-56
97,-62
70,-60
61,-66
62,-56
109,-52
98,-52
106,-60
64,-59
56,-60
63,-57
75,-58
57,-71
82,-63
126,-52
83,-63
54,-61
104,-52
67,-75
60,-65
107,-75
71,-71
86,-48
69,-65
80,-73
108,-62
102,-70
96,-48
79,-49
90,-50
74,-57
213,-74
59,-53
94,-61
101,-51
123,-52
103,-61
81,-63
100,-62
89,-68
133,-75
233,-62
105,-62
135,-70
84,-60
228,-60
99,-65
139,-70
144,-63
93,-61
127,-68
128,-68
129,-68
157,-74
151,-73
137,-79
160,-69
169,-71
140,-84
23,-74
143,-67
10,-69
225,-77
15,-69
16,-71
146,-69
152,-70
172,-86
178,-74
33,-82
46,-83
OFFSET,86494
4,-61
8,-57
5,-62
6,-62
9,-58
7,-58
37,-81
34,-66
43,-62
28,-64
36,-62
26,-68
39,-68
51,-84
44,-62
45,-62
47,-67
35,-70
58,-79
48,-67
97,-59
61,-66
62,-57
109,-52
98,-52
106,-50
64,-61
56,-61
63,-61
75,-56
57,-71
82,-59
126,-56
83,-60
54,-72
104,-56
67,-75
60,-68
107,-80
71,-71
86,-47
69,-64
80,-73
108,-65
102,-70
96,-50
79,-50
90,-50
74,-55
213,-78
59,-53
94,-61
101,-56
123,-54
103,-60
81,-59
100,-67
89,-76
133,-82
233,-62
105,-63
135,-66
84,-59
228,-78
99,-58
139,-70
144,-66
93,-64
127,-66
128,-65
129,-66
157,-74
151,-77
137,-81
160,-70
169,-67
140,-82
23,-74
143,-67
10,-69
225,-77
15,-69
16,-71
146,-83
152,-70
172,-86
178,-74
33,-82
46,-83
164,-71
158,-75
134,-86
OFFSET,87679
4,-61
8,-57
5,-62
6,-62
9,-58
7,-58
34,-66
43,-62
28,-64
36,-63
26,-72
39,-69
44,-64
45,-64
47,-70
35,-70
58,-79
48,-70
97,-72
61,-62
62,-61
109,-57
98,-57
106,-56
64,-56
56,-58
63,-58
75,-59
57,-71
82,-60
126,-53
83,-60
54,-72
104,-56
67,-75
60,-63
107,-80
71,-71
86,-49
69,-62
80,-73
108,-59
102,-70
96,-50
79,-50
90,-51
74,-57
213,-78
59,-52
94,-69
101,-54
123,-53
103,-59
81,-62
100,-62
89,-80
133,-79
233,-62
105,-60
135,-65
84,-59
228,-78
99,-55
139,-78
144,-67
93,-57
127,-72
128,-71
129,-71
157,-77
151,-77
137,-81
160,-71
169,-67
140,-79
23,-74
143,-67
10,-69
225,-77
15,-69
16,-71
146,-78
152,-70
172,-86
178,-74
33,-82
46,-83
164,-71
158,-75
134,-86
OFFSET,88869
4,-73
8,-57
5,-72
6,-74
9,-58
7,-57
34,-66
43,-62
28,-65
36,-63
26,-72
39,-68
44,-62
45,-63
47,-67
35,-74
58,-79
48,-68
97,-58
61,-65
62,-57
109,-52
98,-53
106,-53
64,-58
56,-58
63,-59
75,-51
57,-78
82,-60
126,-46
83,-60
54,-72
104,-54
67,-75
60,-59
107,-80
86,-50
69,-60
108,-60
102,-73
96,-51
79,-51
90,-51
74,-61
213,-78
59,-52
94,-69
101,-45
123,-45
103,-65
81,-61
100,-59
89,-77
133,-79
233,-62
105,-59
135,-62
84,-57
228,-72
99,-54
139,-65
144,-65
93,-56
127,-72
128,-71
129,-71
157,-77
151,-77
137,-81
160,-71
169,-66
140,-80
23,-74
143,-67
10,-69
225,-77
15,-69
16,-71
146,-73
152,-70
172,-86
178,-74
33,-82
46,-83
164,-71
158,-75
134,-86
OFFSET,90161
4,-73
8,-58
5,-72
6,-74
9,-58
7,-59
34,-66
43,-62
28,-69
36,-63
26,-72
39,-69
44,-62
45,-63
47,-69
35,-70
58,-71
48,-69
97,-58
61,-65
62,-55
109,-54
98,-54
106,-55
64,-54
56,-53
63,-54
75,-50
57,-78
82,-56
126,-52
83,-59
54,-67
104,-57
67,-75
60,-63
107,-80
86,-47
69,-60
108,-60
102,-73
96,-46
79,-47
90,-47
74,-49
213,-78
59,-52
94,-72
101,-53
123,-54
103,-81
81,-60
100,-59
89,-77
133,-79
233,-62
105,-60
135,-66
84,-56
228,-72
99,-53
139,-66
144,-66
93,-58
127,-68
128,-68
129,-66
157,-71
151,-77
137,-81
160,-71
169,-68
140,-82
23,-74
143,-67
10,-69
225,-77
15,-69
16,-75
146,-64
152,-70
172,-86
178,-74
33,-82
46,-83
164,-71
158,-75
134,-86
155,-71
OFFSET,91337
4,-73
8,-58
5,-72
6,-74
9,-58
7,-59
34,-66
43,-62
28,-69
36,-63
26,-72
39,-70
44,-62
45,-63
47,-70
35,-77
58,-71
48,-71
97,-59
61,-65
62,-55
109,-56
98,-56
106,-54
64,-54
56,-55
63,-55
75,-51
57,-78
82,-56
126,-47
83,-59
54,-67
104,-58
67,-75
60,-61
107,-80
86,-55
69,-66
108,-63
102,-73
96,-54
79,-54
90,-53
74,-49
213,-78
59,-57
94,-57
101,-47
123,-48
103,-66
81,-60
100,-62
89,-77
133,-79
233,-62
105,-62
135,-66
84,-57
228,-72
99,-54
139,-66
144,-66
93,-58
127,-59
128,-59
129,-59
157,-71
151,-77
137,-73
160,-68
169,-70
140,-82
23,-74
143,-67
10,-69
225,-77
15,-69
16,-75
146,-59
152,-70
172,-86
178,-74
33,-82
46,-83
164,-71
158,-75
134,-86
155,-67
156,-71
136,-72
173,-80
174,-77
OFFSET,92519
4,-75
8,-58
5,-75
6,-74
9,-58
7,-59
34,-66
43,-62
28,-69
36,-72
26,-78
39,-71
44,-68
45,-69
47,-72
35,-77
58,-77
48,-74
97,-66
61,-65
62,-55
109,-60
98,-63
106,-62
64,-54
56,-55
63,-55
75,-56
57,-78
82,-52
126,-54
83,-53
54,-72
104,-54
60,-61
107,-80
86,-50
69,-66
108,-63
102,-73
96,-51
79,-51
90,-51
74,-53
213,-78
59,-57
94,-72
101,-54
123,-53
103,-71
81,-53
100,-63
89,-73
133,-73
233,-62
105,-62
135,-61
84,-50
228,-72
99,-54
139,-63
144,-63
93,-56
127,-65
128,-64
129,-64
157,-74
151,-75
137,-72
160,-68
169,-77
140,-82
143,-67
10,-69
225,-77
15,-69
16,-75
146,-59
152,-70
172,-86
178,-74
33,-82
46,-83
164,-71
158,-75
134,-86
155,-72
156,-74
136,-72
173,-80
174,-77
70,-74
170,-77
OFFSET,93825
4,-75
8,-58
5,-75
6,-74
9,-58
7,-59
34,-66
43,-62
28,-69
36,-73
26,-78
39,-79
44,-68
45,-73
47,-78
35,-77
58,-77
48,-77
97,-59
61,-65
62,-52
109,-60
98,-63
106,-62
64,-56
56,-56
63,-56
75,-55
57,-78
82,-52
126,-68
83,-58
54,-77
104,-54
60,-65
107,-80
86,-49
69,-66
108,-61
102,-73
96,-53
79,-54
90,-53
74,-54
213,-78
59,-57
94,-59
101,-54
123,-53
103,-74
81,-58
100,-59
89,-71
133,-75
105,-56
135,-61
84,-56
228,-72
99,-54
139,-63
144,-61
93,-56
127,-65
128,-64
129,-64
157,-72
151,-74
137,-72
160,-68
169,-77
140,-74
143,-67
10,-69
225,-77
15,-69
16,-75
146,-59
152,-70
172,-86
178,-74
33,-82
46,-83
164,-62
158,-66
134,-86
155,-77
156,-73
136,-72
173,-80
174,-77
70,-74
170,-77
231,-78
182,-79
OFFSET,95011
4,-75
8,-58
5,-75
6,-74
9,-58
7,-59
43,-62
28,-69
36,-70
26,-78
39,-79
44,-72
45,-72
47,-78
35,-77
58,-77
48,-77
97,-60
61,-65
62,-50
109,-60
98,-63
106,-71
64,-52
56,-52
63,-52
75,-51
57,-78
82,-52
126,-68
83,-52
54,-77
104,-58
60,-72
107,-80
86,-53
69,-66
108,-58
102,-73
96,-51
79,-52
90,-51
74,-51
213,-78
59,-60
94,-60
101,-54
123,-53
103,-74
81,-52
100,-59
89,-59
133,-75
105,-58
135,-59
84,-49
228,-60
99,-54
139,-59
144,-59
93,-56
127,-65
128,-57
129,-58
157,-68
151,-64
137,-66
160,-68
169,-77
140,-62
143,-67
225,-77
16,-75
146,-65
152,-70
172,-86
178,-69
33,-82
46,-83
164,-63
158,-68
134,-86
155,-67
156,-63
136,-72
173,-80
174,-77
70,-74
170,-77
231,-78
182,-79
150,-75
OFFSET,96312
4,-75
8,-66
5,-75
6,-74
9,-65
7,-65
43,-62
28,-69
36,-70
26,-78
39,-78
44,-72
45,-74
47,-77
35,-77
58,-77
48,-78
97,-60
61,-67
62,-52
109,-64
98,-64
106,-64
64,-51
56,-51
63,-52
75,-51
57,-78
82,-52
126,-68
83,-52
54,-77
104,-52
60,-72
107,-80
86,-50
69,-66
108,-66
102,-73
96,-51
79,-51
90,-51
74,-51
213,-78
59,-60
94,-60
101,-54
123,-71
103,-71
81,-52
100,-65
89,-70
133,-69
105,-65
135,-68
84,-49
228,-69
99,-54
139,-68
144,-68
93,-66
127,-57
128,-56
129,-57
157,-69
151,-71
137,-72
160,-68
169,-77
140,-72
143,-67
16,-75
146,-65
152,-70
172,-86
178,-69
33,-82
46,-83
164,-56
158,-65
134,-86
155,-73
156,-70
136,-72
173,-80
174,-77
70,-74
170,-73
231,-78
182,-78
150,-75
166,-84
154,-81
168,-82
167,-82
OFFSET,97506
4,-75
8,-66
5,-75
6,-74
9,-74
7,-65
43,-62
28,-69
36,-70
26,-78
39,-70
44,-72
45,-74
47,-67
35,-77
58,-77
48,-69
97,-65
61,-67
62,-54
109,-67
98,-67
106,-66
64,-56
56,-55
63,-56
75,-51
57,-78
82,-57
126,-70
83,-56
54,-77
104,-50
60,-73
107,-80
86,-45
69,-66
108,-56
102,-73
96,-52
79,-52
90,-53
74,-49
213,-78
59,-60
94,-60
101,-54
123,-71
103,-71
81,-56
100,-56
89,-63
133,-61
105,-56
135,-68
84,-62
228,-58
99,-54
139,-59
144,-59
93,-66
127,-59
128,-58
129,-58
157,-70
151,-71
137,-68
160,-68
169,-77
140,-72
143,-67
16,-75
146,-65
172,-66
178,-69
33,-82
46,-83
164,-58
158,-70
134,-86
155,-71
156,-71
136,-72
173,-80
174,-77
70,-74
170,-75
231,-78
182,-78
150,-75
166,-84
154,-81
168,-82
167,-82
OFFSET,98695
4,-75
8,-66
5,-75
6,-74
9,-74
7,-65
43,-62
28,-69
36,-77
26,-78
39,-79
44,-72
45,-75
47,-81
35,-77
58,-77
48,-79
97,-65
61,-61
62,-59
109,-67
98,-67
106,-66
64,-59
56,-60
63,-59
75,-51
57,-78
82,-63
126,-70
83,-62
54,-77
104,-57
60,-73
107,-80
86,-53
69,-66
108,-56
102,-73
96,-50
79,-50
90,-51
74,-57
213,-78
59,-60
94,-72
101,-54
123,-71
103,-72
81,-62
100,-55
89,-66
133,-70
105,-56
135,-68
84,-59
228,-58
99,-54
139,-59
144,-59
93,-67
127,-59
128,-59
129,-58
157,-80
151,-70
137,-69
160,-68
169,-77
140,-69
143,-67
16,-75
146,-65
172,-66
178,-71
33,-82
46,-83
164,-59
158,-70
134,-86
155,-70
156,-69
136,-72
173,-80
174,-77
70,-74
170,-77
231,-78
182,-78
150,-75
166,-84
154,-81
168,-82
167,-82
147,-72
141,-77
OFFSET,99884
4,-75
8,-66
5,-75
6,-74
9,-74
7,-70
28,-69
36,-79
26,-78
39,-79
44,-72
45,-75
47,-81
35,-77
58,-77
48,-79
97,-65
61,-61
62,-55
109,-67
98,-67
106,-66
64,-56
56,-55
63,-56
75,-60
57,-78
82,-56
126,-72
83,-55
54,-77
104,-57
60,-73
107,-80
86,-55
69,-72
108,-59
102,-73
96,-56
79,-56
90,-57
74,-55
213,-78
59,-60
94,-72
101,-54
123,-71
103,-72
81,-56
100,-59
89,-59
133,-56
105,-58
135,-53
84,-54
228,-58
99,-54
139,-54
144,-54
93,-67
127,-59
128,-59
129,-58
157,-70
151,-69
137,-69
160,-73
169,-78
140,-57
16,-75
146,-65
172,-65
178,-66
164,-59
158,-70
134,-86
155,-70
156,-69
136,-67
173,-80
174,-77
70,-74
170,-77
231,-78
182,-78
150,-75
166,-84
154,-81
168,-82
167,-82
147,-72
141,-77
162,-70
175,-72
149,-73
OFFSET,100990
4,-75
8,-66
5,-75
6,-74
9,-74
7,-70
28,-69
36,-79
26,-78
39,-79
44,-78
45,-77
47,-81
35,-77
58,-77
48,-79
97,-63
61,-61
62,-56
109,-65
98,-64
106,-63
64,-56
56,-56
63,-56
75,-60
57,-78
82,-56
126,-72
83,-53
54,-77
104,-68
60,-77
86,-50
69,-77
108,-54
102,-73
96,-52
79,-52
90,-52
74,-53
59,-73
94,-72
101,-54
123,-71
103,-72
81,-56
100,-53
89,-61
133,-67
105,-54
135,-57
84,-55
228,-50
99,-54
139,-56
144,-56
93,-67
127,-57
128,-57
129,-58
157,-70
151,-69
137,-69
160,-73
169,-78
140,-65
16,-75
146,-65
172,-74
178,-51
164,-59
158,-67
155,-70
156,-69
136,-74
173,-80
174,-77
70,-74
170,-77
231,-78
182,-78
150,-75
166,-84
154,-81
168,-82
167,-82
147,-72
141,-77
162,-73
175,-72
149,-73
152,-67
143,-67
165,-74
237,-84
OFFSET,102181
4,-75
8,-72
5,-75
6,-74
9,-70
7,-71
28,-69
36,-78
26,-78
39,-80
44,-78
45,-77
47,-84
35,-77
58,-77
48,-79
97,-61
61,-74
62,-56
109,-65
98,-64
106,-63
64,-55
56,-55
63,-55
75,-60
57,-78
82,-53
126,-66
83,-51
54,-77
104,-50
60,-77
86,-58
69,-77
108,-53
102,-73
96,-56
79,-56
90,-56
74,-50
59,-73
94,-72
101,-54
123,-66
103,-72
81,-52
100,-53
89,-70
133,-66
105,-54
135,-55
84,-51
228,-53
99,-54
139,-55
144,-56
93,-67
127,-59
128,-59
129,-60
157,-66
151,-69
137,-69
160,-73
169,-78
140,-65
16,-75
146,-75
172,-76
178,-58
164,-52
158,-69
155,-67
156,-67
136,-74
173,-80
174,-77
70,-74
170,-73
231,-78
182,-78
150,-75
166,-84
154,-81
168,-82
167,-82
147,-72
141,-77
162,-81
175,-72
149,-73
152,-67
143,-76
165,-74
237,-84
184,-69
OFFSET,103375
4,-75
8,-72
5,-75
6,-74
9,-70
7,-71
28,-69
36,-78
26,-78
39,-80
44,-78
45,-77
47,-84
35,-77
58,-77
48,-79
97,-61
61,-59
62,-55
109,-67
98,-66
106,-65
64,-52
56,-53
63,-53
75,-63
82,-54
126,-71
83,-57
54,-77
104,-48
60,-77
86,-54
69,-77
108,-56
96,-55
79,-54
90,-54
74,-46
59,-73
94,-68
101,-72
123,-71
103,-72
81,-54
100,-56
89,-71
133,-66
105,-56
135,-54
84,-53
228,-50
99,-71
139,-53
144,-54
93,-69
127,-59
128,-59
129,-60
157,-66
151,-71
137,-75
160,-73
169,-78
140,-75
16,-75
146,-75
172,-76
178,-56
164,-50
158,-72
155,-71
156,-71
136,-74
173,-80
174,-75
70,-74
170,-79
231,-78
182,-78
150,-75
166,-90
154,-81
168,-90
167,-82
147,-72
141,-77
162,-75
175,-72
149,-78
152,-67
143,-84
165,-75
237,-84
184,-69
148,-80
161,-74
OFFSET,104584
4,-75
8,-72
5,-75
6,-74
9,-70
7,-71
36,-78
26,-78
39,-72
44,-78
45,-77
47,-73
35,-77
58,-77
48,-79
97,-61
61,-59
62,-51
109,-67
98,-66
106,-65
64,-52
56,-53
63,-53
75,-63
82,-54
126,-63
83,-57
54,-77
104,-52
60,-75
86,-55
69,-77
108,-54
96,-55
79,-54
90,-54
74,-53
59,-71
94,-68
101,-60
123,-62
103,-72
81,-54
100,-56
89,-61
133,-63
105,-55
135,-56
84,-58
228,-55
99,-72
139,-55
144,-56
93,-69
127,-59
128,-59
129,-60
157,-68
151,-77
137,-75
160,-73
169,-78
140,-62
146,-75
172,-76
178,-56
164,-52
158,-72
155,-75
156,-75
136,-74
173,-80
174,-75
70,-74
170,-79
231,-78
182,-78
150,-75
166,-90
154,-81
168,-90
167,-82
147,-72
141,-77
162,-75
175,-72
149,-78
152,-62
143,-62
165,-75
237,-84
184,-69
148,-80
161,-74
OFFSET,105799
4,-75
8,-72
5,-75
6,-74
9,-70
7,-71
36,-78
26,-78
39,-72
44,-78
45,-77
47,-73
58,-77
48,-79
97,-60
61,-58
62,-56
109,-67
98,-66
106,-65
64,-56
56,-57
63,-57
75,-62
82,-58
126,-63
83,-58
54,-77
104,-60
60,-73
86,-51
69,-74
108,-54
96,-56
79,-56
90,-56
74,-59
59,-71
94,-68
101,-60
123,-62
103,-72
81,-54
100,-54
89,-71
133,-72
105,-54
135,-54
84,-52
228,-55
99,-72
139,-54
144,-54
93,-79
127,-59
128,-60
129,-60
157,-68
151,-69
137,-75
160,-73
169,-78
140,-71
146,-77
172,-76
178,-56
164,-47
158,-72
155,-75
156,-75
136,-74
174,-75
70,-74
170,-79
231,-78
182,-78
150,-75
166,-90
154,-81
168,-90
167,-82
147,-72
141,-77
162,-75
175,-72
149,-78
152,-62
143,-62
165,-75
237,-84
184,-69
148,-80
161,-74
OFFSET,107005
8,-74
9,-73
7,-73
36,-79
39,-72
44,-79
45,-81
47,-73
48,-79
97,-60
61,-60
62,-49
109,-67
98,-66
106,-65
64,-48
56,-48
63,-48
75,-63
82,-52
126,-63
83,-52
54,-77
104,-59
60,-73
86,-54
69,-74
108,-57
96,-55
79,-55
90,-54
74,-60
59,-71
94,-68
101,-60
123,-62
103,-72
81,-52
100,-57
89,-68
133,-63
105,-57
135,-55
84,-51
228,-54
99,-72
139,-55
144,-53
93,-79
127,-60
128,-59
129,-59
157,-68
151,-69
137,-75
160,-73
169,-78
140,-62
146,-77
172,-65
178,-56
164,-56
158,-66
155,-75
156,-75
136,-74
174,-75
170,-79
231,-78
182,-78
150,-75
166,-90
154,-81
168,-90
167,-82
147,-72
141,-77
162,-75
175,-72
149,-78
152,-62
143,-70
165,-75
237,-84
184,-69
148,-80
161,-74
145,-78
OFFSET,108304
8,-74
9,-71
7,-73
36,-79
39,-69
44,-79
45,-81
47,-70
48,-70
97,-55
61,-60
62,-48
109,-67
98,-66
106,-65
64,-49
56,-49
63,-48
75,-65
82,-53
126,-60
83,-52
104,-53
60,-73
86,-55
69,-74
108,-53
96,-55
79,-55
90,-55
74,-55
59,-71
94,-68
101,-60
123,-60
103,-72
81,-53
100,-54
89,-62
133,-61
105,-54
135,-54
84,-48
228,-54
99,-72
139,-55
144,-55
93,-79
127,-59
128,-59
129,-59
157,-68
151,-69
137,-75
160,-73
169,-78
140,-63
146,-77
172,-65
178,-69
164,-58
158,-68
155,-69
156,-75
136,-74
174,-75
170,-72
231,-74
182,-78
150,-75
166,-90
154,-81
168,-90
167,-82
147,-72
141,-77
162,-75
175,-72
149,-78
152,-62
143,-70
165,-75
237,-84
184,-65
148,-80
161,-65
145,-78
183,-78
OFFSET,109491
8,-74
9,-71
7,-73
36,-79
39,-69
44,-79
45,-81
47,-70
48,-70
97,-55
61,-58
62,-51
109,-64
98,-64
106,-61
64,-51
56,-51
63,-51
75,-61
82,-50
126,-61
83,-54
104,-54
60,-73
86,-58
69,-74
108,-53
96,-53
79,-53
90,-53
74,-56
59,-61
94,-68
101,-61
123,-61
103,-72
81,-49
100,-53
89,-61
133,-60
105,-54
135,-52
84,-52
228,-54
99,-72
139,-52
144,-53
93,-79
127,-57
128,-57
129,-59
157,-68
151,-69
137,-67
160,-62
169,-78
140,-60
146,-62
172,-62
178,-66
164,-61
158,-65
155,-68
156,-69
136,-74
174,-66
170,-72
231,-74
182,-78
166,-90
154,-81
168,-90
167,-82
147,-72
141,-77
162,-75
175,-72
149,-78
152,-62
143,-70
165,-75
237,-84
184,-68
148,-80
161,-66
145,-78
183,-78
134,-63
OFFSET,110604
8,-74
9,-71
7,-73
36,-79
39,-69
44,-79
45,-81
47,-70
48,-72
97,-59
61,-60
62,-50
109,-62
98,-61
106,-62
64,-47
56,-47
63,-47
75,-61
82,-55
126,-74
83,-55
104,-52
60,-69
86,-56
69,-68
108,-57
96,-56
79,-56
90,-56
74,-51
59,-61
94,-68
101,-72
123,-69
103,-72
81,-55
100,-57
89,-62
133,-57
105,-58
135,-51
84,-52
228,-56
99,-72
139,-51
144,-50
93,-79
127,-58
128,-58
129,-59
157,-69
151,-66
137,-67
160,-62
169,-78
140,-60
146,-62
172,-62
178,-66
164,-61
158,-67
155,-69
156,-71
136,-74
174,-66
170,-72
231,-74
166,-90
168,-90
147,-72
141,-77
162,-70
175,-72
149,-78
152,-62
143,-70
165,-72
237,-84
184,-68
148,-80
161,-66
145,-78
183,-78
134,-63
OFFSET,111895
8,-74
9,-71
7,-73
36,-79
39,-69
44,-79
45,-81
47,-70
48,-72
97,-61
61,-62
62,-55
109,-68
98,-61
106,-68
64,-54
56,-53
63,-52
75,-61
82,-48
126,-74
83,-49
104,-50
60,-69
86,-56
69,-68
108,-58
96,-56
79,-55
90,-56
74,-52
59,-61
94,-68
101,-68
123,-67
103,-72
81,-49
100,-59
89,-62
133,-57
105,-57
135,-56
84,-48
228,-56
99,-72
139,-56
144,-50
93,-79
127,-58
128,-57
129,-58
157,-70
151,-64
137,-67
160,-62
169,-78
140,-60
146,-62
172,-74
178,-69
164,-55
158,-68
155,-69
156,-71
136,-74
174,-66
170,-69
231,-74
166,-90
168,-90
147,-72
141,-77
162,-70
175,-72
149,-78
152,-62
143,-70
165,-72
237,-84
184,-68
148,-80
161,-68
145,-78
183,-78
134,-65
OFFSET,113071
8,-74
9,-71
7,-73
36,-79
39,-89
44,-79
45,-81
47,-89
48,-88
97,-72
61,-70
62,-56
109,-71
98,-71
106,-72
64,-54
56,-54
63,-54
75,-67
82,-59
126,-77
83,-60
104,-56
60,-69
86,-60
69,-68
108,-67
96,-59
79,-58
90,-58
74,-55
59,-69
94,-68
101,-79
123,-78
81,-59
100,-67
89,-68
133,-72
105,-67
135,-69
84,-63
228,-62
99,-74
139,-69
144,-68
93,-79
127,-58
128,-57
129,-58
157,-67
151,-71
137,-70
160,-72
169,-78
140,-72
146,-62
172,-69
178,-69
164,-48
158,-68
155,-68
156,-71
136,-74
174,-66
170,-75
231,-74
166,-90
168,-90
162,-70
175,-72
149,-78
152,-62
143,-70
165,-72
237,-84
184,-68
148,-80
161,-68
145,-78
183,-78
134,-65
OFFSET,114257
8,-74
9,-71
7,-73
36,-79
39,-84
44,-79
45,-81
47,-89
48,-88
97,-76
61,-72
62,-61
109,-71
98,-71
106,-72
64,-63
56,-62
63,-61
75,-67
82,-59
126,-77
83,-60
104,-54
60,-69
86,-58
69,-68
108,-69
96,-62
79,-61
90,-62
74,-60
59,-69
94,-68
101,-70
123,-78
81,-59
100,-69
89,-73
133,-72
105,-69
135,-66
84,-63
228,-71
99,-74
139,-68
144,-68
93,-79
127,-58
128,-57
129,-68
157,-73
151,-73
137,-72
160,-77
169,-78
140,-71
146,-62
172,-71
178,-69
164,-48
158,-74
155,-72
156,-72
136,-83
174,-66
170,-75
231,-74
166,-90
168,-90
162,-70
149,-78
152,-62
143,-70
165,-72
237,-84
184,-75
148,-80
161,-68
145,-78
183,-78
134,-65
OFFSET,115431
8,-74
9,-71
7,-73
36,-79
39,-84
44,-79
45,-81
47,-89
48,-88
97,-76
61,-72
62,-61
109,-71
98,-71
106,-72
64,-61
56,-61
63,-61
75,-67
82,-59
126,-71
83,-60
104,-56
60,-69
86,-58
69,-68
108,-57
96,-62
79,-61
90,-62
74,-54
59,-69
94,-68
101,-71
123,-71
81,-59
100,-58
89,-63
133,-64
105,-58
135,-58
84,-63
228,-59
99,-71
139,-59
144,-59
93,-69
127,-58
128,-57
129,-68
157,-73
151,-73
137,-72
160,-77
169,-78
140,-64
146,-75
172,-57
178,-69
164,-50
158,-74
155,-72
156,-72
136,-83
174,-66
170,-75
231,-74
166,-90
168,-90
162,-70
149,-78
152,-62
143,-70
165,-72
184,-75
148,-80
161,-68
145,-78
183,-78
134,-65
OFFSET,116714
8,-74
9,-71
7,-73
36,-79
39,-84
44,-76
45,-77
47,-89
48,-88
97,-74
61,-74
62,-61
109,-66
98,-67
106,-67
64,-59
56,-59
63,-59
75,-67
82,-63
126,-71
83,-63
104,-55
60,-69
86,-59
69,-68
108,-57
96,-61
79,-62
90,-64
74,-63
59,-66
94,-77
101,-71
123,-71
81,-62
100,-58
89,-71
133,-64
105,-58
135,-69
84,-56
228,-69
99,-71
139,-69
144,-68
93,-81
127,-64
128,-64
129,-65
157,-72
151,-72
137,-71
160,-77
169,-78
140,-64
146,-75
172,-69
178,-71
164,-53
158,-74
155,-73
156,-73
136,-83
174,-66
170,-75
231,-74
166,-90
168,-90
162,-70
149,-78
152,-62
143,-83
165,-72
184,-75
148,-80
161,-68
145,-78
183,-78
134,-65
103,-77
147,-81
OFFSET,117897
8,-74
9,-71
7,-73
36,-79
39,-84
44,-76
45,-77
47,-86
48,-87
97,-74
61,-65
62,-58
109,-67
98,-69
106,-68
64,-58
56,-58
63,-58
75,-67
82,-63
126,-73
83,-63
104,-56
60,-69
86,-57
69,-68
108,-59
96,-64
79,-62
90,-62
74,-56
59,-66
94,-77
101,-74
123,-73
81,-62
100,-58
89,-71
133,-64
105,-58
135,-59
84,-61
228,-59
99,-71
139,-59
144,-59
93,-81
127,-65
128,-65
129,-64
157,-79
151,-78
137,-81
160,-74
169,-78
140,-64
146,-71
172,-70
178,-70
164,-55
158,-79
155,-78
156,-78
136,-82
174,-77
170,-75
231,-74
162,-70
152,-62
143,-83
165,-72
184,-77
161,-76
145,-78
183,-78
134,-65
103,-77
147,-81
OFFSET,119175
8,-74
9,-71
7,-73
36,-79
39,-85
44,-76
45,-77
47,-86
48,-84
97,-74
61,-65
62,-64
109,-66
98,-65
106,-65
64,-59
56,-59
63,-60
75,-67
82,-61
126,-73
83,-60
104,-63
60,-69
86,-60
69,-68
108,-60
96,-64
79,-62
90,-62
74,-63
59,-66
94,-77
101,-74
123,-73
81,-60
100,-61
89,-74
133,-71
105,-60
135,-59
84,-57
228,-68
99,-71
139,-59
144,-59
93,-81
127,-64
128,-65
129,-64
157,-73
151,-74
137,-74
160,-74
169,-78
140,-74
146,-74
172,-70
178,-70
164,-56
158,-79
155,-74
156,-75
136,-82
174,-77
170,-75
231,-74
162,-70
143,-83
165,-91
184,-77
161,-76
145,-78
183,-78
134,-65
103,-77
147,-81
OFFSET,120458
8,-74
9,-71
7,-73
36,-79
39,-85
44,-76
45,-77
47,-86
48,-84
97,-74
61,-65
62,-59
109,-66
98,-65
106,-66
64,-60
56,-59
63,-60
75,-67
82,-58
126,-73
83,-58
104,-56
60,-69
86,-58
69,-68
108,-59
96,-64
79,-62
90,-62
74,-57
59,-69
94,-73
101,-74
123,-73
81,-58
100,-59
89,-75
133,-71
105,-59
135,-60
84,-56
228,-69
99,-71
139,-60
144,-59
93,-81
127,-64
128,-63
129,-64
157,-73
151,-74
137,-74
160,-74
169,-80
140,-69
146,-74
172,-68
178,-70
164,-55
158,-78
155,-74
156,-75
136,-82
174,-77
170,-75
231,-74
162,-70
143,-83
165,-91
184,-77
161,-76
145,-78
183,-78
134,-79
103,-77
147,-81
OFFSET,121555
8,-74
9,-71
36,-79
39,-86
44,-79
45,-80
47,-88
48,-86
97,-72
61,-64
62,-60
109,-66
98,-65
106,-66
64,-60
56,-60
63,-61
75,-68
82,-59
126,-73
83,-59
104,-59
60,-69
86,-60
69,-68
108,-61
96,-59
79,-62
90,-62
74,-59
59,-69
94,-73
101,-70
123,-73
81,-59
100,-61
89,-74
133,-69
105,-62
135,-60
84,-58
228,-68
99,-70
139,-59
144,-59
93,-81
127,-64
128,-63
129,-64
157,-73
151,-73
137,-72
160,-74
169,-80
140,-69
146,-82
172,-72
178,-70
164,-62
158,-78
155,-73
156,-69
136,-82
174,-77
170,-75
231,-74
162,-70
143,-83
165,-91
184,-77
161,-76
145,-78
183,-78
134,-79
103,-77
147,-81
168,-91
OFFSET,122833
8,-74
9,-71
36,-79
39,-86
44,-80
45,-79
47,-88
48,-86
97,-64
61,-63
62,-61
109,-67
98,-68
106,-67
64,-60
56,-59
63,-60
75,-68
82,-58
126,-69
83,-57
104,-57
60,-78
86,-63
69,-68
108,-60
96,-59
79,-62
90,-62
74,-56
59,-75
94,-65
101,-72
123,-72
81,-57
100,-61
89,-74
133,-70
105,-60
135,-60
84,-57
228,-60
99,-72
139,-61
144,-60
93,-81
127,-64
128,-64
129,-65
157,-73
151,-73
137,-74
160,-78
169,-80
140,-70
146,-82
172,-69
178,-71
164,-55
158,-74
155,-72
156,-69
136,-82
174,-78
170,-75
162,-81
143,-83
165,-91
184,-77
161,-78
183,-81
134,-73
103,-77
147,-81
168,-91
OFFSET,123987
8,-74
9,-71
36,-79
39,-86
44,-80
45,-79
47,-88
48,-86
97,-63
61,-64
62,-62
109,-67
98,-67
106,-68
64,-62
56,-62
63,-62
75,-69
82,-58
126,-71
83,-59
104,-56
60,-77
86,-58
69,-75
108,-60
96,-60
79,-61
90,-61
74,-56
59,-75
94,-65
101,-71
123,-69
81,-58
100,-60
89,-72
133,-74
105,-60
135,-60
84,-58
228,-56
99,-72
139,-60
144,-60
93,-81
127,-64
128,-64
129,-64
157,-73
151,-73
137,-74
160,-78
169,-80
140,-73
146,-82
172,-70
178,-71
164,-57
158,-74
155,-72
156,-69
136,-82
174,-78
170,-75
162,-81
143,-83
165,-91
184,-77
161,-78
183,-81
134,-73
103,-77
147,-81
168,-91
OFFSET,125256
8,-74
9,-71
36,-79
39,-86
44,-80
45,-79
47,-88
48,-86
97,-63
61,-63
62,-58
109,-67
98,-67
106,-67
64,-58
56,-58
63,-58
75,-69
82,-60
126,-71
83,-59
104,-59
60,-77
86,-59
69,-75
108,-60
96,-60
79,-60
90,-60
74,-59
59,-75
94,-65
101,-71
123,-75
81,-60
100,-60
89,-72
133,-73
105,-60
135,-60
84,-60
228,-58
99,-72
139,-60
144,-60
93,-69
127,-64
128,-64
129,-64
157,-77
151,-73
137,-74
160,-78
169,-80
140,-73
146,-82
172,-59
178,-68
164,-58
158,-73
155,-72
156,-69
136,-82
174,-78
170,-75
162,-81
143,-83
165,-91
184,-77
161,-78
183,-81
134,-73
103,-77
147,-81
168,-91
