DEVICE,acer,B1-730
OFFSET,42
36,-79
39,-88
44,-83
45,-80
47,-88
48,-88
97,-70
61,-69
62,-60
109,-70
98,-71
106,-68
64,-60
56,-61
63,-61
75,-69
82,-60
126,-72
83,-60
104,-55
60,-75
86,-61
69,-75
108,-62
96,-60
79,-61
90,-60
74,-54
59,-68
94,-81
101,-71
123,-77
81,-60
100,-62
89,-71
133,-71
105,-60
135,-60
84,-61
228,-73
99,-73
139,-60
144,-60
93,-71
127,-66
128,-67
129,-66
157,-73
151,-69
137,-70
160,-78
169,-79
140,-71
146,-82
172,-68
178,-75
164,-51
158,-73
155,-74
156,-72
136,-82
174,-77
162,-81
165,-91
184,-74
161,-74
183,-81
134,-73
103,-74
168,-91
190,-81
OFFSET,1213
36,-79
39,-87
44,-79
45,-78
47,-88
48,-88
97,-75
61,-75
62,-61
109,-68
98,-66
106,-68
64,-60
56,-60
63,-60
75,-69
82,-59
126,-72
83,-59
104,-60
60,-75
86,-69
69,-75
108,-68
96,-66
79,-67
90,-67
74,-57
59,-66
94,-74
101,-72
123,-71
81,-58
100,-68
89,-69
133,-70
105,-67
135,-72
84,-58
228,-77
99,-73
139,-72
144,-72
93,-78
127,-67
128,-67
129,-66
157,-73
151,-69
137,-70
160,-78
169,-79
140,-71
146,-82
172,-67
178,-75
164,-50
158,-73
155,-74
156,-72
174,-77
162,-81
165,-91
184,-77
161,-79
183,-81
134,-71
103,-74
168,-91
190,-85
170,-78
102,-85
OFFSET,2484
36,-79
39,-87
44,-79
45,-78
47,-88
48,-88
97,-75
61,-71
62,-61
109,-68
98,-66
106,-68
64,-58
56,-58
63,-57
75,-73
82,-60
126,-74
83,-60
104,-57
60,-75
86,-70
69,-75
108,-68
96,-67
79,-68
90,-68
74,-62
59,-65
94,-74
101,-73
123,-73
81,-60
100,-68
89,-69
133,-70
105,-68
135,-72
84,-59
228,-66
99,-73
139,-71
144,-72
93,-78
127,-65
128,-64
129,-64
157,-78
151,-69
137,-70
160,-74
169,-81
140,-71
146,-82
172,-73
178,-68
164,-49
158,-73
155,-74
156,-72
174,-77
162,-81
165,-88
184,-77
161,-79
183,-81
134,-71
103,-74
168,-91
190,-85
170,-75
102,-85
8,-75
7,-76
OFFSET,3633
36,-78
39,-86
44,-78
45,-79
47,-86
48,-86
97,-70
61,-71
62,-56
109,-70
98,-71
106,-68
64,-58
56,-59
63,-60
75,-73
82,-60
126,-78
83,-60
104,-59
60,-75
86,-65
69,-75
108,-68
96,-66
79,-65
90,-65
74,-56
59,-65
94,-72
101,-73
123,-73
81,-60
100,-67
89,-71
133,-69
105,-68
135,-69
84,-59
228,-69
99,-73
139,-69
144,-68
93,-78
127,-63
128,-63
129,-63
157,-78
151,-69
137,-70
160,-78
169,-81
140,-69
146,-82
172,-70
178,-68
164,-55
158,-78
155,-73
156,-72
174,-77
162,-81
165,-88
184,-76
161,-76
183,-81
134,-73
103,-75
168,-91
190,-85
170,-75
102,-85
8,-75
7,-76
238,-86
OFFSET,4905
36,-78
39,-86
44,-78
45,-79
47,-86
48,-86
97,-68
61,-68
62,-53
109,-67
98,-68
106,-69
64,-54
56,-54
63,-55
75,-73
82,-60
126,-67
83,-60
104,-57
60,-78
86,-54
69,-79
108,-67
96,-55
79,-55
90,-54
74,-57
59,-65
94,-72
101,-73
123,-67
81,-60
100,-68
89,-71
133,-69
105,-68
135,-68
84,-64
228,-69
99,-73
139,-69
144,-68
93,-78
127,-67
128,-67
129,-67
157,-78
151,-69
137,-70
160,-78
169,-81
140,-69
172,-70
178,-72
164,-47
158,-78
155,-73
156,-72
174,-76
162,-81
165,-88
184,-76
161,-76
183,-81
134,-73
103,-75
190,-85
170,-75
102,-85
8,-75
7,-76
238,-86
OFFSET,6071
36,-78
39,-86
44,-78
45,-79
47,-86
48,-86
97,-68
61,-70
62,-58
109,-67
98,-68
106,-70
64,-57
56,-56
63,-56
75,-64
82,-57
126,-67
83,-57
104,-54
60,-78
86,-58
69,-79
108,-57
96,-56
79,-57
90,-56
74,-53
59,-65
94,-64
101,-73
123,-67
81,-57
100,-57
89,-71
133,-69
105,-57
135,-59
84,-59
228,-69
99,-73
139,-59
144,-59
93,-78
127,-67
128,-64
129,-67
157,-70
151,-71
137,-71
160,-72
169,-81
140,-71
172,-69
178,-70
164,-43
158,-78
155,-70
156,-70
174,-76
165,-88
184,-76
161,-76
134,-70
103,-75
190,-85
170,-75
102,-85
8,-75
7,-76
238,-86
136,-87
146,-75
OFFSET,7346
36,-78
39,-86
44,-78
45,-79
47,-86
48,-86
97,-65
61,-75
62,-57
109,-67
98,-68
106,-70
64,-59
56,-58
63,-59
75,-64
82,-61
126,-82
83,-62
104,-53
60,-72
86,-56
69,-79
108,-58
96,-54
79,-54
90,-54
74,-55
59,-65
94,-65
101,-72
123,-81
81,-63
100,-58
89,-69
133,-71
105,-58
135,-60
84,-57
228,-53
99,-73
139,-61
144,-60
93,-66
127,-67
128,-64
129,-63
157,-75
151,-71
137,-71
160,-72
169,-81
140,-71
172,-61
178,-70
164,-41
158,-77
155,-77
156,-70
174,-76
165,-88
184,-64
161,-76
134,-68
103,-75
190,-85
170,-75
102,-85
8,-75
7,-76
238,-86
136,-87
146,-68
OFFSET,8498
36,-77
39,-86
44,-75
45,-73
47,-86
48,-86
97,-62
61,-72
62,-57
109,-68
98,-68
106,-68
64,-54
56,-53
63,-54
75,-65
82,-61
126,-75
83,-64
104,-59
60,-72
86,-57
69,-79
108,-58
96,-54
79,-54
90,-54
74,-56
59,-65
94,-73
101,-74
123,-85
81,-64
100,-57
89,-69
133,-71
105,-58
135,-60
84,-66
228,-53
99,-73
139,-60
144,-60
93,-72
127,-63
128,-64
129,-61
157,-85
151,-72
137,-72
160,-72
169,-81
140,-71
172,-71
178,-69
164,-47
158,-77
155,-77
156,-80
174,-76
165,-88
184,-64
161,-76
134,-73
103,-75
190,-85
170,-75
102,-85
8,-75
7,-76
238,-86
136,-87
146,-68
OFFSET,9775
36,-77
39,-86
44,-75
45,-73
47,-86
48,-86
97,-61
61,-74
62,-60
109,-68
98,-68
106,-68
64,-57
56,-58
63,-59
75,-65
82,-61
126,-66
83,-57
104,-56
60,-73
86,-59
69,-72
108,-57
96,-56
79,-56
90,-56
74,-57
59,-69
94,-73
101,-65
123,-66
81,-59
100,-58
89,-69
133,-71
105,-56
135,-60
84,-55
228,-65
99,-65
139,-62
144,-60
93,-72
127,-58
128,-58
129,-58
157,-85
151,-72
137,-70
160,-72
169,-81
140,-71
172,-74
178,-63
164,-46
158,-77
155,-77
156,-80
174,-77
165,-88
184,-64
161,-77
134,-73
103,-75
190,-85
170,-75
102,-85
8,-67
7,-68
238,-86
136,-87
146,-68
9,-67
OFFSET,10926
36,-79
39,-81
44,-80
45,-79
47,-80
48,-80
97,-64
61,-66
62,-59
109,-68
98,-68
106,-68
64,-56
56,-56
63,-56
75,-65
82,-53
126,-70
83,-54
104,-59
60,-71
86,-56
69,-72
108,-53
96,-55
79,-55
90,-54
74,-57
59,-61
94,-75
101,-75
123,-66
81,-53
100,-53
89,-75
133,-78
105,-53
135,-62
84,-53
228,-62
99,-74
139,-61
144,-62
93,-72
127,-58
128,-63
129,-64
157,-71
151,-70
137,-71
160,-72
169,-81
140,-78
172,-80
178,-63
164,-43
158,-77
155,-69
156,-71
174,-70
165,-88
184,-70
161,-71
134,-73
103,-71
190,-85
170,-75
102,-85
8,-70
7,-71
238,-86
136,-87
146,-80
9,-72
167,-88
OFFSET,12188
36,-75
39,-81
44,-80
45,-77
47,-80
48,-80
97,-64
61,-66
62,-60
109,-72
98,-69
106,-71
64,-59
56,-59
63,-59
75,-65
82,-57
126,-70
83,-56
104,-52
60,-71
86,-59
69,-68
108,-59
96,-58
79,-58
90,-58
74,-53
59,-63
94,-75
101,-67
123,-68
81,-56
100,-59
89,-75
133,-73
105,-60
135,-58
84,-55
228,-62
99,-67
139,-58
144,-59
93,-67
127,-62
128,-62
129,-63
157,-69
151,-71
137,-72
160,-72
169,-81
140,-71
172,-73
178,-66
164,-48
158,-77
155,-72
156,-71
174,-70
165,-88
184,-70
161,-71
134,-73
103,-71
190,-85
170,-75
102,-85
8,-70
7,-71
238,-86
136,-87
146,-80
9,-72
167,-88
34,-78
35,-78
43,-76
28,-76
OFFSET,13468
36,-75
39,-81
44,-80
45,-77
47,-80
48,-80
97,-76
61,-74
62,-60
109,-72
98,-66
106,-64
64,-59
56,-59
63,-59
75,-65
82,-58
126,-64
83,-58
104,-66
60,-77
86,-54
69,-68
108,-60
96,-56
79,-56
90,-56
74,-52
59,-56
94,-75
101,-71
123,-64
81,-58
100,-61
89,-68
133,-69
105,-60
135,-65
84,-58
228,-69
99,-71
139,-62
144,-64
93,-67
127,-62
128,-62
129,-63
157,-69
151,-67
137,-71
160,-72
169,-81
140,-70
172,-78
178,-66
164,-52
158,-77
155,-72
156,-72
174,-70
165,-88
184,-70
161,-71
134,-73
103,-71
190,-85
170,-75
102,-85
8,-68
7,-69
238,-86
136,-87
146,-69
9,-69
167,-88
34,-78
35,-78
43,-76
28,-76
166,-86
168,-86
OFFSET,14635
36,-72
39,-74
44,-80
45,-77
47,-75
48,-76
97,-60
61,-68
62,-57
109,-72
98,-66
106,-64
64,-57
56,-56
63,-56
75,-62
82,-59
126,-67
83,-59
104,-57
60,-72
86,-54
69,-68
108,-60
96,-53
79,-54
90,-54
74,-55
59,-66
94,-75
101,-68
123,-67
81,-57
100,-61
89,-74
133,-75
105,-61
135,-61
84,-58
228,-58
99,-71
139,-61
144,-62
93,-67
127,-62
128,-62
129,-63
157,-67
151,-70
137,-65
160,-72
169,-81
140,-74
172,-76
178,-66
164,-50
158,-77
155,-69
156,-69
174,-70
165,-88
184,-70
161,-71
134,-73
103,-72
190,-85
170,-73
102,-85
8,-62
7,-61
238,-86
136,-87
146,-69
9,-63
167,-88
34,-78
35,-78
43,-76
28,-77
166,-86
168,-86
4,-77
232,-82
6,-77
OFFSET,15925
36,-69
39,-75
44,-71
45,-70
47,-74
48,-75
97,-64
61,-84
62,-59
109,-66
98,-65
106,-65
64,-58
56,-58
63,-58
75,-52
82,-59
126,-72
83,-59
104,-51
60,-72
86,-55
69,-68
108,-62
96,-57
79,-56
90,-57
74,-54
59,-66
94,-64
101,-66
123,-72
81,-57
100,-61
89,-74
133,-75
105,-61
135,-63
84,-57
228,-64
99,-71
139,-65
144,-65
93,-60
127,-62
128,-64
129,-63
157,-72
151,-72
137,-65
160,-72
169,-78
140,-74
172,-76
178,-66
164,-55
158,-77
155,-71
156,-75
174,-70
165,-88
184,-70
161,-71
134,-73
103,-66
170,-73
8,-62
7,-61
238,-86
136,-87
146,-69
9,-63
167,-88
34,-71
35,-78
43,-76
28,-77
166,-86
168,-86
4,-77
232,-82
6,-77
58,-75
OFFSET,17095
36,-65
39,-73
44,-65
45,-65
47,-73
48,-73
97,-70
61,-65
62,-56
109,-65
98,-65
106,-64
64,-56
56,-55
63,-56
75,-54
82,-56
126,-66
83,-57
104,-62
60,-72
86,-55
69,-68
108,-66
96,-57
79,-55
90,-56
74,-62
59,-66
94,-72
101,-66
123,-65
81,-57
100,-63
89,-72
133,-78
105,-65
135,-65
84,-56
228,-67
99,-71
139,-64
144,-64
93,-65
127,-67
128,-64
129,-63
157,-72
151,-70
137,-71
160,-71
169,-78
140,-76
172,-76
178,-66
164,-60
158,-77
155,-72
156,-74
174,-70
184,-70
161,-71
134,-78
103,-72
170,-73
8,-61
7,-61
238,-86
136,-87
146,-71
9,-59
167,-86
34,-71
35,-78
43,-76
28,-77
166,-86
168,-86
4,-69
232,-82
6,-67
58,-75
102,-78
213,-80
148,-81
5,-69
OFFSET,18276
36,-70
39,-62
44,-65
45,-70
47,-63
48,-63
97,-61
61,-68
62,-55
109,-63
98,-65
106,-64
64,-60
56,-59
63,-59
75,-60
82,-56
126,-59
83,-60
104,-62
60,-72
86,-57
69,-68
108,-69
96,-58
79,-57
90,-57
74,-64
59,-57
94,-68
101,-60
123,-58
81,-61
100,-68
89,-72
133,-78
105,-64
135,-62
84,-57
228,-67
99,-58
139,-62
144,-64
93,-66
127,-60
128,-59
129,-63
157,-72
151,-70
137,-71
160,-71
169,-78
140,-76
172,-76
178,-66
164,-60
158,-77
155,-72
156,-74
174,-70
184,-70
161,-71
134,-78
103,-71
170,-73
8,-61
7,-61
136,-87
146,-71
9,-59
167,-86
34,-71
35,-78
43,-76
28,-77
166,-86
168,-86
4,-69
232,-82
6,-67
58,-75
102,-78
213,-80
148,-81
5,-69
26,-74
OFFSET,19383
36,-70
39,-71
44,-70
45,-69
47,-71
48,-72
97,-73
61,-71
62,-58
109,-60
98,-63
106,-60
64,-59
56,-60
63,-59
75,-72
82,-56
126,-56
83,-60
104,-60
60,-72
86,-56
69,-72
108,-74
96,-57
79,-57
90,-57
74,-64
59,-57
94,-72
101,-53
123,-57
81,-61
100,-72
89,-72
133,-81
105,-64
135,-73
84,-57
228,-67
99,-56
139,-72
144,-72
93,-59
127,-68
128,-69
129,-63
157,-72
151,-74
137,-79
160,-71
169,-72
140,-76
172,-76
178,-66
164,-57
158,-77
155,-72
156,-75
174,-70
184,-70
161,-71
134,-78
103,-68
170,-73
8,-53
7,-54
136,-87
146,-70
9,-54
167,-86
34,-71
35,-78
43,-76
28,-77
166,-86
168,-86
4,-67
232,-82
6,-67
58,-78
102,-78
213,-80
148,-81
5,-67
26,-73
54,-70
70,-72
OFFSET,20584
36,-68
39,-70
44,-68
45,-67
47,-70
48,-70
97,-81
61,-62
62,-60
109,-59
98,-60
106,-60
64,-56
56,-57
63,-56
75,-53
82,-60
126,-53
83,-60
104,-61
60,-72
86,-55
69,-72
108,-62
96,-53
79,-54
90,-54
74,-57
59,-57
94,-68
101,-53
123,-52
81,-61
100,-61
89,-72
133,-81
105,-61
135,-73
84,-59
228,-77
99,-55
139,-72
144,-72
93,-61
127,-65
128,-64
129,-66
157,-72
151,-74
137,-79
160,-67
169,-73
140,-75
172,-76
178,-66
164,-57
158,-77
155,-72
156,-75
174,-70
184,-70
161,-73
134,-73
103,-68
170,-73
8,-53
7,-54
146,-58
9,-54
167,-86
34,-65
35,-77
43,-64
28,-66
166,-86
168,-86
4,-69
232,-82
6,-69
58,-78
102,-78
213,-80
148,-81
5,-68
26,-73
54,-75
70,-72
OFFSET,21880
36,-69
39,-70
44,-69
45,-69
47,-70
48,-70
97,-81
61,-61
62,-59
109,-57
98,-57
106,-56
64,-58
56,-58
63,-58
75,-56
82,-60
126,-47
83,-61
104,-62
60,-72
86,-54
69,-72
108,-70
96,-57
79,-57
90,-57
74,-57
59,-58
94,-59
101,-47
123,-47
81,-61
100,-70
89,-72
133,-81
105,-70
135,-73
84,-64
228,-62
99,-47
139,-72
144,-72
93,-59
127,-65
128,-67
129,-66
157,-72
151,-74
137,-79
160,-67
169,-66
140,-75
172,-83
178,-66
164,-61
158,-77
155,-72
156,-75
174,-70
184,-70
161,-73
134,-73
103,-63
170,-73
8,-53
7,-54
146,-60
9,-54
167,-86
34,-65
35,-77
43,-70
28,-66
166,-86
168,-86
4,-69
232,-82
6,-69
58,-78
102,-78
213,-80
148,-81
5,-68
26,-73
54,-75
70,-72
145,-81
OFFSET,23062
36,-63
39,-70
44,-65
45,-64
47,-70
48,-70
97,-71
61,-61
62,-62
109,-56
98,-58
106,-59
64,-58
56,-58
63,-59
75,-58
82,-60
126,-56
83,-59
104,-58
60,-68
86,-52
69,-72
108,-70
96,-54
79,-55
90,-54
74,-58
59,-58
94,-59
101,-55
123,-55
81,-61
100,-70
89,-72
133,-81
105,-70
135,-73
84,-57
228,-76
99,-58
139,-73
144,-72
93,-59
127,-65
128,-67
129,-66
157,-72
151,-77
137,-79
160,-67
169,-66
140,-75
172,-83
178,-66
164,-61
158,-77
155,-72
156,-75
174,-70
184,-70
161,-73
134,-73
103,-63
170,-73
8,-56
7,-57
146,-64
9,-57
167,-86
34,-65
35,-77
43,-69
28,-67
166,-86
168,-86
4,-69
232,-82
6,-69
58,-78
102,-71
213,-80
148,-81
5,-68
26,-73
54,-69
70,-72
145,-81
OFFSET,24236
36,-63
39,-70
44,-65
45,-64
47,-70
48,-70
97,-63
61,-59
62,-55
109,-54
98,-54
106,-53
64,-56
56,-56
63,-56
75,-58
82,-60
126,-52
83,-59
104,-58
60,-68
86,-58
69,-72
108,-62
96,-56
79,-56
90,-56
74,-58
59,-58
94,-73
101,-52
123,-52
81,-61
100,-63
89,-83
133,-84
105,-63
135,-66
84,-57
228,-76
99,-51
139,-65
144,-65
93,-72
127,-68
128,-66
129,-67
157,-72
151,-77
137,-79
160,-67
169,-63
140,-85
172,-86
178,-66
164,-61
158,-77
155,-72
156,-75
174,-70
184,-70
161,-73
134,-73
103,-63
170,-73
8,-60
7,-60
146,-62
9,-61
167,-86
34,-65
35,-77
43,-69
28,-67
166,-86
168,-86
4,-69
232,-82
6,-69
58,-73
102,-71
213,-80
148,-81
5,-70
26,-73
54,-67
70,-74
145,-81
17,-81
OFFSET,25544
36,-63
39,-61
44,-65
45,-64
47,-60
48,-61
97,-63
61,-59
62,-62
109,-60
98,-60
106,-59
64,-63
56,-62
63,-62
75,-56
82,-60
126,-49
83,-63
104,-58
60,-62
86,-62
69,-64
108,-67
96,-61
79,-62
90,-63
74,-58
59,-58
94,-73
101,-49
123,-48
81,-61
100,-63
89,-83
133,-84
105,-63
135,-68
84,-57
228,-76
99,-54
139,-65
144,-68
93,-72
127,-68
128,-66
129,-67
157,-72
151,-77
137,-79
160,-67
169,-78
140,-85
172,-86
178,-66
164,-61
158,-77
155,-72
156,-75
161,-73
134,-73
103,-75
170,-73
8,-60
7,-60
146,-65
9,-61
167,-86
34,-65
35,-77
43,-63
28,-62
166,-86
168,-86
4,-69
232,-82
6,-69
58,-73
102,-72
213,-80
148,-81
5,-70
26,-67
54,-67
70,-74
145,-81
17,-81
88,-79
38,-79
143,-75
49,-78
OFFSET,26731
36,-65
39,-68
44,-64
45,-64
47,-67
48,-68
97,-70
61,-72
62,-64
109,-57
98,-57
106,-58
64,-63
56,-62
63,-62
75,-66
82,-60
126,-50
83,-63
104,-60
60,-62
86,-61
69,-64
108,-76
96,-64
79,-64
90,-65
74,-60
59,-58
94,-73
101,-48
123,-50
81,-61
100,-74
89,-83
133,-80
105,-76
135,-68
84,-57
228,-78
99,-50
139,-78
144,-68
93,-68
127,-68
128,-66
129,-67
157,-72
151,-77
137,-79
160,-64
169,-78
140,-81
172,-86
164,-61
158,-77
155,-72
156,-75
161,-73
134,-81
103,-63
170,-73
8,-53
7,-54
146,-69
9,-53
167,-86
34,-65
35,-69
43,-63
28,-62
166,-86
168,-86
4,-69
232,-82
6,-69
58,-73
102,-67
213,-80
148,-81
5,-70
26,-67
54,-66
70,-74
145,-81
17,-91
88,-79
38,-79
143,-75
49,-78
233,-70
23,-74
184,-79
18,-89
OFFSET,27915
36,-65
39,-71
44,-64
45,-64
47,-70
48,-71
97,-70
61,-62
62,-65
109,-53
98,-52
106,-54
64,-63
56,-62
63,-62
75,-66
82,-65
126,-57
83,-63
104,-60
60,-64
86,-55
69,-64
108,-69
96,-56
79,-57
90,-56
74,-59
59,-57
94,-62
101,-48
123,-57
81,-61
100,-65
89,-81
133,-80
105,-70
135,-67
84,-57
228,-78
99,-50
139,-68
144,-70
93,-61
127,-69
128,-69
129,-70
157,-72
151,-77
137,-79
160,-64
169,-65
140,-83
172,-84
164,-61
155,-72
156,-75
161,-73
134,-81
103,-63
170,-73
8,-53
7,-54
146,-65
9,-53
167,-86
34,-65
35,-69
43,-63
28,-62
166,-86
168,-86
4,-69
232,-82
6,-69
58,-73
102,-67
213,-80
148,-81
5,-70
26,-67
54,-66
70,-74
145,-81
17,-91
88,-79
38,-79
143,-75
49,-78
233,-70
23,-74
184,-79
18,-89
OFFSET,29101
36,-65
39,-61
44,-64
45,-64
47,-60
48,-61
97,-66
61,-62
62,-65
109,-54
98,-55
106,-54
64,-65
56,-65
63,-64
75,-57
82,-65
126,-51
83,-63
104,-60
60,-67
86,-58
69,-68
108,-69
96,-56
79,-59
90,-56
74,-59
59,-59
94,-61
101,-52
123,-51
81,-61
100,-65
89,-81
133,-80
105,-70
135,-67
84,-57
228,-63
99,-54
139,-66
144,-70
93,-65
127,-69
128,-69
129,-70
157,-72
151,-77
137,-79
160,-64
169,-65
140,-83
172,-84
164,-66
155,-72
156,-75
161,-73
134,-81
103,-63
8,-56
7,-57
146,-65
9,-56
167,-86
34,-62
35,-69
43,-61
28,-61
166,-86
168,-86
4,-70
6,-70
58,-73
102,-67
213,-80
148,-81
5,-70
26,-67
54,-66
70,-74
145,-81
17,-91
88,-79
38,-79
143,-75
49,-78
233,-70
23,-74
184,-79
18,-89
51,-80
53,-83
OFFSET,30294
36,-63
39,-62
44,-64
45,-65
47,-63
48,-63
97,-59
61,-62
62,-66
109,-54
98,-55
106,-61
64,-63
56,-63
63,-64
75,-67
82,-63
126,-54
83,-62
104,-60
60,-67
86,-58
69,-68
108,-69
96,-57
79,-58
90,-58
74,-59
59,-64
94,-61
101,-56
123,-56
81,-61
100,-65
89,-82
133,-83
105,-70
135,-67
84,-61
228,-76
99,-55
139,-66
144,-70
93,-64
127,-69
128,-69
129,-70
157,-72
151,-77
137,-79
160,-70
169,-65
140,-83
172,-84
164,-66
155,-72
156,-75
161,-73
134,-81
103,-63
8,-58
7,-59
146,-79
9,-59
167,-86
34,-62
35,-69
43,-66
28,-65
166,-86
168,-86
4,-70
6,-70
58,-73
102,-67
213,-80
148,-81
5,-70
26,-67
54,-62
70,-74
145,-81
17,-91
88,-79
38,-79
143,-75
49,-78
233,-70
23,-74
184,-79
18,-89
51,-80
53,-83
OFFSET,31490
36,-61
39,-64
44,-61
45,-61
47,-64
48,-64
97,-59
61,-80
62,-61
109,-54
98,-55
106,-61
64,-63
56,-61
63,-60
75,-67
82,-62
126,-54
83,-62
104,-61
60,-66
86,-56
69,-67
108,-71
96,-57
79,-61
90,-60
74,-62
59,-64
94,-60
101,-56
123,-56
81,-61
100,-71
89,-82
133,-83
105,-70
135,-67
84,-61
228,-65
99,-55
139,-66
144,-70
93,-64
127,-69
128,-69
129,-70
157,-72
151,-77
137,-79
160,-71
169,-65
140,-83
172,-84
164,-71
156,-75
161,-73
134,-81
103,-63
8,-58
7,-60
146,-79
9,-60
34,-64
35,-73
43,-64
28,-63
4,-70
6,-70
58,-73
102,-71
5,-70
26,-69
54,-62
70,-74
145,-81
17,-91
88,-79
38,-79
143,-75
49,-78
233,-72
23,-74
184,-79
18,-89
51,-80
53,-83
107,-79
68,-85
OFFSET,32683
36,-65
39,-63
44,-65
45,-65
47,-64
48,-64
97,-72
61,-73
62,-61
109,-58
98,-57
106,-58
64,-65
56,-62
63,-63
75,-60
82,-62
126,-54
83,-62
104,-58
60,-63
86,-59
69,-64
108,-71
96,-58
79,-59
90,-58
74,-58
59,-64
94,-76
101,-56
123,-56
81,-74
100,-78
89,-82
133,-83
105,-70
135,-67
84,-67
228,-65
99,-55
139,-66
144,-70
93,-65
127,-71
128,-72
129,-71
151,-77
137,-79
160,-70
169,-65
140,-83
172,-84
164,-71
156,-75
161,-73
134,-80
103,-67
8,-55
7,-55
146,-79
9,-54
34,-64
35,-73
43,-64
28,-63
4,-70
6,-70
58,-71
102,-68
5,-70
26,-69
54,-62
70,-68
145,-81
17,-91
88,-79
38,-79
143,-75
49,-78
233,-72
23,-77
184,-79
18,-89
51,-88
53,-86
107,-80
68,-85
57,-77
178,-80
27,-84
OFFSET,33865
36,-61
39,-67
44,-59
45,-61
47,-67
48,-67
97,-73
61,-74
62,-66
109,-56
98,-56
106,-56
64,-63
56,-63
63,-62
75,-56
82,-62
126,-67
83,-62
104,-58
60,-66
86,-59
69,-64
108,-65
96,-58
79,-59
90,-59
74,-57
59,-64
94,-75
101,-67
123,-67
81,-65
100,-78
89,-80
133,-83
105,-69
135,-71
84,-67
228,-76
99,-66
139,-73
144,-74
93,-68
127,-71
128,-70
129,-71
151,-77
160,-70
169,-65
140,-80
172,-84
164,-71
156,-75
161,-73
134,-80
103,-61
8,-55
7,-55
146,-79
9,-55
34,-64
35,-73
43,-64
28,-63
4,-70
6,-70
58,-71
102,-68
5,-70
26,-69
54,-69
70,-68
145,-81
17,-91
88,-79
38,-79
143,-75
49,-78
233,-72
23,-77
184,-79
18,-89
51,-88
53,-86
107,-80
68,-85
57,-77
178,-80
27,-84
OFFSET,35061
36,-61
39,-61
44,-63
45,-62
47,-60
48,-60
97,-61
61,-63
62,-62
109,-56
98,-57
106,-57
64,-63
56,-63
63,-63
75,-58
82,-62
126,-67
83,-62
104,-58
60,-62
86,-65
69,-60
108,-66
96,-58
79,-59
90,-59
74,-66
59,-64
94,-75
101,-67
123,-67
81,-65
100,-65
89,-80
133,-86
105,-71
135,-71
84,-67
228,-76
99,-66
139,-73
144,-74
93,-68
127,-71
128,-70
129,-71
151,-77
160,-70
169,-65
140,-80
172,-84
164,-71
134,-80
103,-60
8,-56
7,-55
146,-79
9,-55
34,-64
35,-73
43,-64
28,-63
4,-70
6,-70
58,-71
102,-68
5,-69
26,-69
54,-65
70,-68
145,-81
17,-91
88,-83
38,-79
143,-75
49,-78
233,-72
23,-77
184,-79
18,-89
51,-88
53,-86
107,-78
68,-85
57,-77
178,-80
27,-73
OFFSET,36239
36,-60
39,-52
44,-62
45,-61
47,-53
48,-53
97,-61
61,-62
62,-62
109,-56
98,-57
106,-56
64,-63
56,-63
63,-63
75,-64
82,-62
126,-67
83,-62
104,-58
60,-62
86,-57
69,-64
108,-68
96,-57
79,-56
90,-56
74,-66
59,-64
94,-63
101,-67
123,-67
81,-65
100,-68
89,-80
133,-86
105,-68
135,-71
84,-67
228,-76
99,-66
139,-73
144,-74
93,-68
127,-71
128,-70
129,-71
151,-77
160,-70
169,-65
140,-80
172,-84
164,-71
134,-80
103,-60
8,-54
7,-54
146,-79
9,-52
34,-64
35,-73
43,-64
28,-63
4,-70
6,-70
58,-71
102,-68
5,-70
26,-69
54,-65
70,-68
17,-91
88,-83
38,-77
143,-75
49,-78
233,-72
23,-77
184,-79
18,-89
51,-88
53,-86
107,-78
68,-85
57,-77
178,-80
27,-73
OFFSET,37429
36,-60
39,-58
44,-62
45,-61
47,-58
48,-56
97,-81
61,-62
62,-63
109,-56
98,-56
106,-55
64,-64
56,-63
63,-63
75,-64
82,-62
126,-67
83,-62
104,-61
60,-62
86,-59
69,-61
108,-68
96,-60
79,-60
90,-60
74,-63
59,-63
94,-63
101,-67
123,-67
81,-65
100,-74
89,-80
133,-86
105,-68
135,-71
84,-66
228,-76
99,-66
139,-73
144,-74
93,-68
127,-71
128,-70
129,-71
160,-80
169,-70
140,-80
172,-84
164,-71
134,-80
103,-63
8,-52
7,-52
146,-82
9,-54
34,-64
35,-73
43,-64
28,-63
4,-69
6,-68
58,-71
102,-67
5,-69
26,-67
54,-69
70,-68
17,-91
88,-83
38,-81
143,-75
49,-78
233,-72
23,-77
184,-79
18,-89
51,-88
53,-86
107,-78
68,-85
57,-77
178,-80
27,-73
42,-81
OFFSET,38623
36,-62
39,-47
44,-61
45,-60
47,-48
48,-48
97,-81
61,-64
62,-63
109,-56
98,-56
106,-55
64,-64
56,-63
63,-63
75,-64
82,-62
126,-81
83,-62
104,-61
60,-65
86,-56
69,-61
108,-70
96,-57
79,-56
90,-57
74,-63
59,-63
94,-63
101,-66
123,-66
81,-65
100,-70
89,-74
133,-86
105,-70
135,-71
84,-66
228,-76
99,-66
139,-73
144,-74
93,-66
127,-71
128,-70
129,-71
160,-80
169,-70
140,-77
172,-84
164,-71
134,-80
103,-67
8,-53
7,-54
146,-82
9,-54
34,-63
35,-73
43,-63
28,-64
4,-69
6,-68
58,-71
102,-64
5,-69
26,-67
54,-69
70,-68
17,-91
88,-83
38,-81
143,-75
49,-78
233,-72
23,-77
184,-79
18,-89
51,-88
53,-86
107,-78
68,-85
57,-77
178,-80
27,-73
42,-81
67,-74
OFFSET,39819
36,-62
39,-58
44,-59
45,-61
47,-57
48,-57
97,-81
61,-71
62,-61
109,-62
98,-60
106,-61
64,-60
56,-59
63,-59
75,-64
82,-62
126,-81
83,-62
104,-61
60,-64
86,-48
69,-65
108,-70
96,-55
79,-54
90,-54
74,-60
59,-63
94,-63
101,-66
123,-66
81,-65
100,-70
89,-83
133,-86
105,-70
135,-71
84,-66
228,-76
99,-66
139,-73
144,-74
93,-79
127,-74
128,-70
129,-71
160,-80
169,-70
140,-77
172,-84
164,-71
134,-80
103,-65
8,-53
7,-54
146,-82
9,-54
34,-64
35,-73
43,-63
28,-64
4,-69
6,-68
58,-71
102,-64
5,-69
26,-64
54,-69
70,-68
17,-91
88,-83
38,-82
233,-73
23,-77
184,-79
18,-89
51,-86
53,-88
107,-78
68,-85
57,-77
178,-80
27,-77
42,-81
67,-74
193,-74
37,-92
147,-93
52,-84
33,-90
46,-91
OFFSET,41022
36,-59
39,-64
44,-63
45,-60
47,-64
48,-57
97,-66
61,-71
62,-66
109,-59
98,-58
106,-59
64,-60
56,-59
63,-59
75,-56
82,-62
126,-81
83,-62
104,-69
60,-64
86,-60
69,-62
108,-70
96,-62
79,-62
90,-62
74,-60
59,-63
94,-63
101,-77
123,-66
81,-65
100,-70
89,-83
133,-86
105,-70
135,-71
84,-66
228,-74
99,-75
139,-73
144,-74
93,-73
127,-74
128,-70
129,-71
160,-80
169,-70
140,-77
172,-84
164,-71
134,-80
103,-65
8,-53
7,-52
146,-82
9,-53
34,-64
35,-73
43,-63
28,-64
4,-60
6,-60
58,-71
102,-64
5,-61
26,-65
54,-64
70,-68
88,-83
38,-66
233,-73
23,-77
51,-86
53,-88
107,-79
68,-85
57,-77
178,-80
27,-77
42,-81
67,-74
193,-74
37,-92
147,-93
52,-84
33,-90
46,-91
OFFSET,42210
36,-55
39,-66
44,-55
45,-55
47,-66
48,-66
97,-66
61,-70
62,-71
109,-63
98,-62
106,-63
64,-64
56,-65
63,-64
75,-65
82,-62
126,-71
83,-62
104,-64
60,-62
86,-59
69,-62
108,-70
96,-61
79,-61
90,-60
74,-60
59,-63
94,-63
101,-77
123,-70
81,-65
100,-69
89,-83
133,-86
105,-71
135,-78
84,-66
228,-74
99,-70
139,-79
144,-74
93,-73
127,-74
128,-70
129,-71
160,-80
169,-70
140,-77
164,-71
134,-80
103,-65
8,-53
7,-52
146,-82
9,-52
34,-64
35,-73
43,-64
28,-63
4,-65
6,-66
58,-65
102,-62
5,-66
26,-61
54,-67
70,-68
88,-79
38,-70
233,-67
23,-79
51,-86
53,-88
107,-81
68,-85
57,-73
178,-80
27,-77
42,-81
67,-75
193,-74
37,-92
147,-93
52,-84
33,-90
46,-91
40,-79
41,-81
25,-81
OFFSET,43412
36,-61
39,-65
44,-60
45,-59
47,-65
48,-65
97,-66
61,-64
62,-65
109,-63
98,-62
106,-63
64,-64
56,-64
63,-64
75,-65
82,-62
126,-68
83,-62
104,-64
60,-60
86,-61
69,-60
108,-70
96,-61
79,-61
90,-60
74,-60
59,-63
94,-63
101,-77
123,-70
81,-65
100,-69
89,-87
133,-86
105,-71
135,-78
84,-66
228,-74
99,-70
139,-79
144,-74
93,-73
127,-74
128,-70
129,-71
160,-80
169,-70
140,-77
164,-71
134,-80
103,-65
8,-51
7,-52
146,-82
9,-51
34,-64
35,-73
43,-64
28,-63
4,-65
6,-66
58,-65
102,-58
5,-66
26,-61
54,-58
70,-68
88,-79
38,-81
233,-70
23,-79
51,-86
53,-88
107,-79
68,-85
57,-73
178,-80
27,-77
42,-81
67,-75
193,-74
37,-88
147,-93
52,-84
33,-90
46,-88
40,-74
41,-73
25,-81
10,-65
16,-65
15,-66
OFFSET,44616
36,-57
39,-64
44,-60
45,-59
47,-64
48,-64
97,-78
61,-64
62,-67
109,-61
98,-60
106,-61
64,-69
56,-68
63,-68
75,-61
82,-69
126,-68
83,-68
104,-68
60,-61
86,-67
69,-61
108,-80
96,-61
79,-61
90,-60
74,-60
59,-63
94,-79
101,-71
123,-70
81,-69
100,-73
89,-87
133,-86
105,-81
135,-78
84,-68
228,-74
99,-71
139,-79
144,-74
93,-73
127,-75
128,-70
129,-71
160,-80
169,-70
140,-77
164,-71
134,-80
103,-72
8,-53
7,-52
146,-82
9,-52
34,-62
35,-75
43,-62
28,-63
4,-65
6,-66
58,-65
102,-62
5,-66
26,-62
54,-58
70,-68
88,-82
38,-76
233,-70
23,-79
51,-86
53,-88
107,-75
68,-85
57,-73
178,-80
27,-78
42,-81
67,-75
193,-74
37,-88
147,-93
52,-84
33,-90
46,-87
40,-74
41,-73
25,-81
10,-65
16,-65
15,-66
71,-68
80,-72
OFFSET,45819
36,-58
39,-70
44,-61
45,-60
47,-71
48,-71
97,-74
61,-64
62,-67
109,-62
98,-63
106,-63
64,-70
56,-68
63,-68
75,-61
82,-69
126,-68
83,-68
104,-68
60,-62
86,-69
69,-61
108,-80
96,-61
79,-66
90,-68
74,-60
59,-63
94,-79
101,-71
123,-70
81,-69
100,-73
89,-87
133,-86
105,-81
135,-78
84,-68
228,-74
99,-71
139,-76
144,-74
93,-73
127,-75
128,-70
129,-71
160,-80
169,-70
140,-77
134,-80
103,-67
8,-49
7,-50
146,-82
9,-49
34,-62
35,-70
43,-62
28,-63
4,-65
6,-66
58,-65
102,-63
5,-66
26,-63
54,-62
70,-64
88,-79
38,-80
233,-70
23,-79
51,-86
53,-84
107,-81
57,-73
178,-80
27,-71
42,-81
67,-75
193,-74
37,-88
147,-93
52,-84
33,-90
46,-87
40,-74
41,-83
25,-81
10,-71
16,-71
15,-66
71,-68
80,-70
213,-68
49,-82
OFFSET,47012
36,-58
39,-69
44,-58
45,-57
47,-69
48,-70
97,-71
61,-77
62,-69
109,-62
98,-61
106,-61
64,-69
56,-64
63,-65
75,-73
82,-69
126,-72
83,-69
104,-72
60,-60
86,-69
69,-60
108,-80
96,-61
79,-66
90,-68
74,-68
59,-66
94,-79
101,-71
123,-70
81,-69
100,-73
89,-87
133,-86
105,-81
135,-78
84,-65
228,-74
99,-71
139,-76
144,-74
93,-73
127,-75
128,-73
160,-80
169,-70
140,-77
103,-67
8,-54
7,-52
146,-82
9,-54
34,-62
35,-72
43,-62
28,-63
4,-65
6,-65
58,-68
102,-67
5,-66
26,-61
54,-57
70,-59
88,-79
38,-80
233,-70
23,-74
51,-86
53,-84
107,-75
57,-73
27,-71
42,-81
67,-75
193,-74
37,-88
147,-93
52,-84
33,-90
46,-87
40,-74
41,-84
25,-81
10,-71
16,-71
15,-66
71,-68
80,-70
213,-74
49,-82
OFFSET,48207
36,-54
39,-66
44,-56
45,-54
47,-68
48,-67
97,-71
61,-66
62,-69
109,-60
98,-60
106,-61
64,-69
56,-64
63,-65
75,-69
82,-69
126,-72
83,-68
104,-72
60,-58
86,-69
69,-60
108,-80
96,-65
79,-66
90,-68
74,-68
59,-66
94,-79
101,-71
123,-70
81,-69
100,-73
89,-87
133,-86
105,-81
135,-78
84,-81
228,-74
99,-71
139,-76
93,-68
127,-75
128,-73
160,-79
169,-70
140,-77
103,-71
8,-53
7,-53
146,-82
9,-53
34,-62
35,-72
43,-62
28,-63
4,-65
6,-65
58,-58
102,-66
5,-66
26,-62
54,-60
70,-63
88,-79
38,-71
233,-70
23,-77
51,-86
53,-84
107,-75
57,-72
27,-71
42,-81
67,-72
193,-74
37,-88
147,-93
52,-84
33,-90
46,-87
40,-74
41,-84
25,-81
10,-71
16,-71
15,-66
71,-68
80,-70
213,-74
49,-82
OFFSET,49402
36,-57
39,-67
44,-57
45,-57
47,-67
48,-67
97,-75
61,-66
62,-69
109,-60
98,-60
106,-61
64,-69
56,-64
63,-65
75,-66
82,-67
126,-72
83,-66
104,-72
60,-64
86,-78
69,-60
108,-80
96,-65
79,-66
90,-75
74,-68
59,-66
94,-79
101,-71
123,-70
81,-67
100,-73
89,-87
105,-81
135,-78
84,-67
228,-74
99,-71
139,-76
93,-68
127,-75
128,-73
160,-79
169,-70
140,-77
103,-71
8,-53
7,-53
146,-82
9,-52
34,-62
35,-67
43,-62
28,-63
4,-65
6,-65
58,-62
102,-66
5,-66
26,-64
54,-60
70,-61
88,-79
38,-68
233,-70
23,-77
51,-86
53,-84
107,-75
57,-73
27,-71
42,-81
67,-79
193,-74
37,-88
147,-93
52,-84
33,-90
46,-87
40,-74
41,-86
25,-81
10,-71
16,-71
15,-66
71,-68
80,-70
213,-74
49,-82
OFFSET,50671
36,-60
39,-68
44,-59
45,-60
47,-69
48,-69
97,-75
61,-66
62,-69
109,-66
98,-60
106,-61
64,-69
56,-73
63,-73
75,-66
82,-67
126,-72
83,-69
104,-69
60,-59
86,-78
69,-60
108,-80
96,-65
79,-66
90,-75
74,-68
59,-66
94,-79
101,-71
123,-70
81,-67
100,-73
89,-87
105,-81
135,-80
84,-67
228,-74
99,-75
139,-76
93,-68
127,-75
128,-73
160,-79
169,-70
140,-77
103,-71
8,-46
7,-49
146,-82
9,-49
34,-62
35,-67
43,-62
28,-63
4,-65
6,-65
58,-62
102,-66
5,-66
26,-62
54,-79
70,-64
88,-78
38,-67
233,-70
23,-77
51,-86
53,-84
107,-75
57,-73
27,-71
42,-81
67,-79
193,-74
37,-88
147,-93
52,-84
33,-90
46,-87
40,-84
41,-86
25,-81
10,-71
16,-71
15,-66
71,-81
80,-70
213,-72
49,-82
68,-79
OFFSET,51871
36,-57
39,-69
44,-56
45,-57
47,-69
48,-70
97,-77
61,-66
62,-69
109,-61
98,-63
106,-63
64,-69
56,-73
63,-73
75,-68
82,-67
126,-72
83,-69
104,-71
60,-57
86,-76
69,-57
108,-83
96,-78
79,-66
90,-78
74,-68
59,-66
94,-79
101,-71
123,-70
81,-67
100,-86
89,-87
105,-81
135,-80
84,-67
228,-74
99,-75
139,-76
93,-73
127,-75
128,-73
160,-79
140,-77
103,-71
8,-47
7,-48
9,-47
34,-62
35,-63
43,-62
28,-63
4,-65
6,-65
58,-62
102,-68
5,-66
26,-60
54,-66
70,-64
88,-82
38,-80
233,-70
23,-77
51,-86
53,-84
107,-75
57,-72
27,-83
67,-79
193,-74
37,-88
147,-93
52,-88
33,-90
46,-87
40,-80
41,-81
25,-81
10,-71
16,-71
15,-66
71,-74
80,-75
213,-72
49,-80
68,-78
13,-69
OFFSET,53068
36,-58
39,-70
44,-59
45,-56
47,-71
48,-71
97,-77
61,-66
62,-69
109,-64
98,-63
106,-64
64,-69
56,-73
63,-73
75,-81
82,-66
126,-79
83,-69
104,-71
60,-61
86,-81
69,-62
108,-83
96,-78
79,-66
90,-78
74,-69
59,-66
94,-78
101,-71
123,-78
81,-66
100,-86
89,-87
105,-81
135,-80
84,-67
228,-74
99,-75
139,-76
93,-73
127,-75
128,-73
160,-79
103,-71
8,-48
7,-47
9,-48
34,-62
35,-69
43,-62
28,-63
4,-65
6,-67
58,-59
102,-63
5,-68
26,-59
54,-62
70,-61
88,-80
38,-80
233,-70
23,-75
51,-86
53,-89
107,-74
57,-72
27,-81
67,-79
193,-74
37,-88
147,-93
52,-88
33,-90
46,-87
40,-86
41,-82
25,-81
10,-71
16,-71
15,-66
71,-74
80,-73
213,-67
49,-90
68,-78
13,-68
85,-81
OFFSET,54266
36,-55
39,-70
44,-55
45,-56
47,-71
48,-71
97,-77
61,-66
62,-69
109,-64
98,-63
106,-64
64,-69
56,-73
63,-73
75,-81
82,-68
126,-79
83,-68
104,-71
60,-61
86,-81
69,-62
108,-83
96,-78
79,-66
90,-78
74,-69
59,-66
94,-78
101,-71
123,-78
81,-69
100,-86
89,-89
105,-81
135,-80
84,-68
228,-74
99,-75
139,-76
93,-80
127,-75
128,-73
160,-81
103,-73
8,-49
7,-51
9,-49
34,-62
35,-67
43,-62
28,-62
4,-64
6,-62
58,-61
102,-65
5,-62
26,-62
54,-67
70,-61
88,-79
38,-73
233,-70
23,-75
51,-86
53,-89
107,-74
57,-72
27,-80
67,-79
37,-88
52,-88
46,-87
40,-83
41,-82
25,-81
10,-71
16,-71
15,-66
71,-68
80,-68
213,-65
49,-81
68,-80
13,-68
85,-81
OFFSET,55457
36,-55
39,-70
44,-58
45,-56
47,-71
48,-71
97,-77
61,-66
62,-69
109,-64
98,-66
106,-64
64,-69
56,-73
63,-73
75,-66
82,-70
126,-79
83,-68
104,-71
60,-61
86,-81
69,-60
108,-83
96,-78
79,-66
90,-78
74,-69
59,-66
94,-77
101,-71
123,-78
81,-69
100,-86
89,-89
105,-81
135,-80
84,-68
99,-75
139,-76
93,-80
127,-75
128,-73
160,-81
103,-70
8,-48
7,-49
9,-49
34,-62
35,-67
43,-62
28,-62
4,-64
6,-62
58,-58
102,-65
5,-62
26,-60
54,-57
70,-61
88,-71
38,-71
233,-70
23,-75
51,-86
53,-89
107,-70
57,-72
27,-72
67,-79
37,-88
52,-88
46,-87
40,-70
41,-72
25,-81
10,-71
16,-71
15,-66
71,-71
80,-69
213,-65
49,-72
68,-77
13,-68
85,-81
146,-81
OFFSET,56654
36,-57
39,-68
44,-56
45,-58
47,-69
48,-68
97,-77
61,-78
62,-69
109,-64
98,-66
106,-64
64,-69
56,-73
63,-73
75,-66
82,-68
126,-79
83,-69
104,-71
60,-58
86,-81
69,-57
108,-83
96,-78
79,-66
90,-78
74,-69
59,-66
94,-77
101,-71
123,-78
81,-68
100,-86
89,-89
105,-81
135,-80
84,-68
99,-75
139,-76
93,-80
127,-75
128,-73
160,-81
103,-70
8,-45
7,-46
9,-46
34,-62
35,-67
43,-62
28,-62
4,-65
6,-64
58,-60
102,-65
5,-64
26,-56
54,-63
70,-58
88,-71
38,-82
233,-70
23,-75
51,-86
53,-89
107,-70
57,-72
27,-78
67,-71
37,-88
52,-88
46,-87
40,-70
41,-72
10,-71
16,-71
15,-66
71,-81
80,-71
213,-70
49,-80
68,-79
13,-68
85,-81
146,-88
OFFSET,57855
36,-57
39,-75
44,-57
45,-57
47,-74
48,-74
97,-77
61,-81
62,-69
109,-63
98,-63
106,-63
64,-69
56,-73
63,-70
75,-66
82,-68
126,-79
83,-69
104,-71
60,-57
86,-69
69,-61
108,-83
96,-78
79,-66
90,-78
74,-69
59,-66
94,-77
101,-77
123,-78
81,-68
100,-86
89,-89
105,-81
135,-80
84,-68
99,-75
139,-76
93,-80
127,-75
128,-73
160,-81
103,-70
8,-43
7,-43
9,-42
34,-62
35,-79
43,-62
28,-62
4,-64
6,-64
58,-64
102,-65
5,-64
26,-63
54,-73
70,-73
88,-71
38,-90
233,-70
23,-75
51,-86
53,-89
107,-74
57,-72
27,-78
67,-71
52,-88
46,-87
40,-70
41,-79
10,-71
16,-71
71,-81
80,-74
213,-70
49,-81
68,-79
13,-68
85,-81
146,-88
OFFSET,59041
36,-58
39,-68
44,-56
45,-57
47,-70
48,-70
97,-74
61,-81
62,-69
109,-63
98,-64
106,-65
64,-69
56,-73
63,-70
75,-66
82,-68
126,-79
83,-69
104,-71
60,-59
86,-69
69,-60
108,-83
96,-78
79,-66
90,-78
74,-69
59,-66
94,-77
101,-77
123,-78
81,-68
100,-86
89,-89
135,-80
84,-68
99,-75
139,-76
93,-80
128,-73
160,-81
103,-70
8,-44
7,-44
9,-44
34,-62
35,-79
43,-62
28,-62
4,-65
6,-64
58,-60
102,-65
5,-64
26,-66
54,-57
70,-60
88,-71
38,-70
233,-70
23,-75
51,-86
53,-89
107,-74
57,-71
27,-72
67,-71
52,-88
40,-79
41,-77
10,-71
16,-71
71,-81
80,-66
213,-70
49,-81
68,-79
13,-70
85,-81
146,-88
OFFSET,60324
36,-55
39,-73
44,-54
45,-54
47,-75
48,-74
97,-74
61,-75
62,-69
109,-61
98,-62
106,-61
64,-69
56,-73
63,-70
75,-77
82,-64
126,-79
83,-75
104,-71
60,-64
86,-77
69,-60
108,-83
96,-78
90,-77
74,-69
59,-66
94,-77
101,-77
123,-78
81,-76
100,-86
89,-89
135,-80
84,-62
99,-75
93,-80
128,-73
160,-81
103,-77
8,-47
7,-46
9,-48
34,-63
35,-72
43,-62
28,-62
4,-60
6,-64
58,-59
102,-65
5,-64
26,-56
54,-59
70,-56
88,-81
38,-81
233,-70
23,-74
53,-89
107,-71
57,-71
27,-81
67,-72
52,-88
40,-78
41,-77
10,-64
16,-65
71,-81
80,-66
213,-70
49,-77
68,-79
13,-70
85,-81
146,-88
127,-78
11,-81
193,-82
15,-64
17,-80
129,-80
18,-83
OFFSET,61502
36,-52
39,-69
44,-53
45,-52
47,-69
48,-69
97,-74
61,-75
109,-61
98,-61
106,-61
64,-69
56,-73
63,-71
75,-66
82,-66
126,-79
83,-75
104,-71
60,-65
86,-77
69,-62
108,-83
96,-78
90,-77
74,-69
94,-77
101,-77
123,-78
81,-76
100,-86
89,-89
135,-80
84,-62
99,-75
93,-80
160,-81
103,-77
8,-45
7,-46
9,-46
34,-63
35,-70
43,-62
28,-62
4,-62
6,-62
58,-59
102,-65
5,-61
26,-58
54,-64
70,-58
88,-81
38,-87
233,-70
23,-74
53,-89
107,-71
57,-71
27,-78
67,-72
52,-86
40,-80
41,-81
10,-64
16,-65
71,-66
80,-65
213,-70
49,-80
68,-73
13,-67
85,-81
146,-88
127,-78
11,-81
193,-82
15,-64
17,-80
129,-80
18,-83
25,-73
51,-86
72,-89
OFFSET,62700
36,-44
39,-70
44,-44
45,-44
47,-70
48,-70
97,-76
61,-75
109,-62
98,-62
106,-63
64,-72
56,-74
63,-72
75,-66
82,-66
126,-79
83,-75
104,-71
60,-63
86,-77
69,-64
108,-83
96,-78
90,-77
74,-69
94,-77
101,-77
123,-78
81,-76
100,-86
89,-89
135,-80
84,-62
99,-75
93,-80
160,-81
103,-77
8,-44
7,-43
9,-44
34,-63
35,-71
43,-62
28,-62
4,-60
6,-63
58,-68
102,-65
5,-63
26,-60
54,-59
70,-59
88,-81
38,-78
233,-70
23,-74
53,-89
107,-71
57,-70
27,-75
67,-69
52,-87
40,-80
41,-81
10,-64
16,-65
71,-70
80,-78
213,-70
49,-79
68,-77
13,-67
85,-81
146,-88
127,-78
11,-81
193,-82
15,-64
17,-80
129,-80
18,-83
25,-73
51,-86
72,-89
OFFSET,63899
36,-52
39,-70
44,-53
45,-53
47,-69
48,-69
97,-65
61,-65
109,-60
98,-61
106,-61
64,-72
56,-74
63,-72
75,-66
82,-66
126,-79
83,-64
104,-71
60,-64
86,-79
69,-65
108,-83
96,-76
90,-75
74,-69
94,-77
101,-77
123,-78
81,-76
100,-86
89,-89
135,-80
84,-62
99,-75
93,-80
160,-81
103,-77
8,-41
7,-41
9,-40
34,-62
35,-71
43,-62
28,-62
4,-61
6,-60
58,-59
102,-68
5,-61
26,-69
54,-68
70,-59
88,-81
38,-78
23,-74
53,-89
107,-73
57,-65
27,-75
67,-68
52,-90
40,-72
41,-70
10,-64
16,-65
71,-68
80,-78
213,-70
49,-70
68,-77
13,-67
85,-81
146,-88
127,-78
11,-81
193,-82
15,-62
17,-80
129,-80
18,-83
25,-73
51,-86
72,-89
24,-78
79,-76
30,-78
OFFSET,65094
36,-54
39,-73
44,-56
45,-55
47,-72
48,-73
97,-65
61,-65
109,-66
98,-66
106,-64
64,-72
56,-74
63,-72
75,-66
82,-66
126,-79
83,-64
104,-71
60,-69
86,-67
69,-66
108,-83
96,-76
90,-71
74,-69
94,-77
101,-77
123,-78
81,-76
100,-86
89,-89
84,-62
93,-80
160,-81
103,-70
8,-41
7,-42
9,-42
34,-64
35,-71
43,-62
28,-62
4,-65
6,-63
58,-56
102,-68
5,-64
26,-55
54,-65
70,-58
88,-72
38,-68
23,-74
53,-89
107,-73
57,-72
27,-73
67,-68
52,-90
40,-75
41,-78
10,-64
16,-65
71,-68
80,-78
213,-70
49,-70
68,-74
13,-67
85,-81
146,-88
127,-78
11,-73
193,-82
15,-62
17,-73
129,-80
18,-73
25,-73
51,-86
72,-89
24,-78
79,-76
30,-78
37,-88
46,-87
OFFSET,66282
36,-58
39,-62
44,-57
45,-57
47,-62
48,-62
97,-65
61,-67
109,-66
98,-66
106,-64
64,-64
56,-64
63,-65
75,-65
82,-66
126,-79
83,-64
60,-58
86,-63
69,-60
96,-64
90,-65
74,-69
94,-77
101,-77
123,-78
81,-76
89,-89
84,-63
93,-80
160,-81
103,-70
8,-45
7,-45
9,-46
34,-64
35,-71
43,-62
28,-62
4,-62
6,-60
58,-56
102,-69
5,-61
26,-58
54,-62
70,-58
88,-72
38,-68
23,-74
53,-89
107,-73
57,-72
27,-73
67,-68
52,-90
40,-79
41,-72
10,-64
16,-65
71,-68
80,-78
213,-70
49,-71
68,-74
13,-67
85,-81
146,-88
127,-78
11,-73
193,-82
15,-62
17,-73
129,-80
18,-73
25,-73
51,-86
72,-89
24,-78
79,-76
30,-78
37,-88
46,-87
62,-64
OFFSET,67567
36,-61
39,-69
44,-60
45,-59
47,-70
48,-70
97,-65
61,-67
109,-66
98,-61
106,-61
64,-68
56,-64
63,-68
75,-65
82,-66
126,-79
83,-64
60,-59
86,-79
69,-60
96,-64
90,-78
94,-77
101,-77
81,-62
89,-89
84,-63
93,-80
160,-81
103,-70
8,-42
7,-42
9,-41
34,-59
35,-74
43,-60
28,-61
4,-62
6,-60
58,-56
102,-69
5,-61
26,-61
54,-60
70,-58
88,-86
38,-62
23,-71
107,-73
57,-72
27,-73
67,-68
52,-90
40,-69
41,-69
10,-64
16,-65
71,-68
80,-78
213,-70
49,-76
68,-74
13,-67
146,-88
127,-78
11,-73
193,-82
15,-62
17,-73
129,-80
18,-73
25,-73
51,-86
72,-75
24,-78
79,-76
30,-78
37,-88
46,-86
62,-64
59,-67
33,-88
OFFSET,68748
36,-57
39,-62
44,-56
45,-56
47,-64
48,-64
97,-65
61,-67
109,-60
98,-59
106,-59
64,-68
56,-64
63,-68
75,-65
82,-58
126,-79
83,-58
60,-63
86,-79
69,-64
96,-64
90,-78
94,-77
101,-77
81,-58
89,-89
84,-60
160,-81
103,-75
8,-46
7,-46
9,-46
34,-57
35,-72
43,-57
28,-58
4,-59
6,-58
58,-56
102,-69
5,-59
26,-59
54,-60
70,-58
88,-86
38,-71
23,-71
107,-75
57,-72
27,-67
67,-68
52,-90
40,-70
41,-72
10,-64
16,-65
71,-68
80,-78
213,-70
49,-70
68,-74
13,-67
146,-88
127,-78
11,-73
193,-82
15,-62
17,-72
129,-80
18,-71
25,-73
51,-86
72,-75
24,-78
79,-76
30,-78
37,-76
46,-86
62,-64
59,-67
33,-88
105,-76
239,-70
108,-74
123,-75
99,-75
OFFSET,69922
36,-53
39,-65
44,-55
45,-54
47,-65
48,-65
97,-65
61,-65
109,-60
98,-63
106,-63
64,-68
56,-64
63,-68
75,-65
82,-60
126,-79
83,-59
60,-63
86,-79
69,-64
96,-64
90,-78
101,-77
81,-59
89,-89
84,-55
160,-81
103,-75
8,-40
7,-39
9,-39
34,-61
35,-64
43,-59
28,-62
4,-59
6,-58
58,-63
102,-69
5,-59
26,-63
54,-60
70,-58
88,-86
38,-68
23,-71
107,-75
57,-70
27,-66
67,-65
52,-78
40,-67
41,-65
10,-64
16,-65
71,-68
80,-78
213,-70
49,-66
68,-72
13,-67
146,-88
127,-78
11,-73
193,-82
15,-62
17,-73
129,-80
18,-71
25,-73
51,-77
72,-75
24,-78
79,-76
30,-78
37,-76
46,-86
62,-64
59,-67
33,-88
105,-76
239,-70
108,-76
123,-75
99,-75
53,-77
OFFSET,71109
36,-54
39,-73
44,-55
45,-53
47,-73
48,-74
97,-65
61,-65
109,-62
98,-62
106,-62
64,-68
56,-69
63,-69
75,-65
82,-60
126,-79
83,-59
60,-66
86,-79
69,-69
96,-64
90,-78
101,-77
81,-59
89,-89
84,-55
160,-81
103,-75
8,-40
7,-41
9,-39
34,-61
35,-63
43,-59
28,-62
4,-59
6,-59
58,-63
102,-69
5,-58
26,-65
54,-72
70,-66
88,-86
38,-66
23,-67
107,-75
57,-67
27,-65
67,-65
52,-78
40,-62
41,-61
10,-64
16,-63
71,-68
80,-78
213,-70
49,-62
68,-69
13,-67
127,-78
11,-73
193,-82
15,-64
17,-73
129,-80
18,-71
25,-73
51,-77
72,-75
24,-78
79,-76
30,-78
37,-76
46,-86
62,-64
59,-69
33,-88
105,-76
239,-68
108,-76
123,-75
99,-75
53,-77
OFFSET,72290
36,-56
39,-73
44,-57
45,-57
47,-73
48,-73
97,-65
61,-65
109,-64
98,-65
106,-64
64,-68
56,-69
63,-69
75,-65
82,-60
126,-79
83,-59
60,-66
86,-79
69,-69
96,-64
90,-78
81,-59
84,-55
160,-81
103,-75
8,-39
7,-38
9,-39
34,-58
35,-66
43,-58
28,-59
4,-59
6,-60
58,-62
102,-69
5,-60
26,-60
54,-70
70,-61
88,-86
38,-63
23,-67
107,-75
57,-70
27,-65
67,-66
52,-78
40,-68
41,-67
10,-64
16,-63
71,-63
80,-78
49,-64
68,-74
13,-66
127,-78
11,-73
193,-82
15,-64
17,-70
129,-80
18,-71
25,-73
51,-77
72,-75
24,-78
79,-76
30,-78
37,-76
46,-86
62,-64
59,-69
33,-86
105,-76
239,-68
108,-76
123,-75
99,-75
53,-77
12,-89
19,-90
OFFSET,73479
36,-58
39,-67
44,-59
45,-58
47,-67
48,-67
97,-66
61,-65
109,-64
98,-65
106,-64
64,-68
56,-69
63,-69
75,-65
82,-60
126,-79
83,-59
60,-65
86,-79
69,-64
96,-64
90,-78
81,-59
84,-55
103,-75
8,-37
7,-37
9,-38
34,-58
35,-69
43,-58
28,-58
4,-59
6,-57
58,-62
102,-78
5,-60
26,-60
54,-61
70,-59
88,-86
38,-63
23,-67
107,-78
57,-65
27,-62
67,-66
52,-78
40,-68
41,-67
10,-64
16,-63
71,-67
80,-66
49,-71
68,-74
13,-62
127,-78
11,-69
193,-82
15,-64
17,-69
129,-80
18,-70
25,-73
51,-77
72,-75
24,-78
79,-76
30,-78
37,-76
46,-73
62,-64
59,-69
33,-73
105,-76
239,-68
108,-76
123,-75
99,-75
53,-77
12,-89
19,-79
20,-79
OFFSET,74761
36,-63
39,-81
44,-60
45,-60
47,-81
48,-83
97,-66
61,-65
109,-64
98,-65
106,-64
64,-71
56,-69
63,-72
75,-65
82,-60
126,-79
83,-59
60,-65
86,-79
69,-64
96,-64
90,-78
81,-59
84,-55
103,-75
8,-38
7,-37
9,-37
34,-57
35,-63
43,-57
28,-57
4,-59
6,-59
58,-62
102,-78
5,-59
26,-66
54,-61
70,-63
88,-86
38,-63
23,-67
107,-78
57,-65
27,-65
67,-69
52,-87
40,-78
41,-78
10,-64
16,-63
71,-67
80,-69
49,-78
68,-74
13,-62
11,-72
15,-64
17,-72
18,-71
25,-73
51,-85
72,-75
24,-78
79,-76
30,-78
37,-88
46,-87
62,-64
59,-69
33,-86
105,-76
239,-68
108,-76
123,-75
99,-75
53,-87
12,-89
19,-79
20,-79
85,-79
OFFSET,75923
36,-58
39,-75
44,-58
45,-59
47,-74
48,-75
97,-66
61,-91
109,-64
98,-65
106,-64
64,-71
56,-73
63,-72
75,-65
82,-60
126,-79
83,-59
60,-65
86,-79
69,-64
96,-64
90,-78
81,-59
84,-77
103,-75
8,-39
7,-40
9,-40
34,-58
35,-75
43,-59
28,-58
4,-56
6,-57
58,-62
102,-78
5,-56
26,-66
54,-66
70,-64
88,-86
38,-75
23,-67
107,-78
57,-65
27,-65
67,-68
52,-85
40,-76
41,-77
10,-60
16,-60
71,-67
80,-66
49,-87
68,-74
13,-62
11,-78
15,-64
17,-81
18,-81
25,-85
51,-84
72,-75
24,-84
79,-76
30,-78
37,-88
46,-87
62,-64
59,-69
33,-86
105,-76
239,-68
108,-76
123,-75
99,-75
53,-86
12,-90
19,-89
20,-79
85,-79
213,-82
32,-88
31,-89
OFFSET,77219
36,-62
39,-70
44,-62
45,-63
47,-74
48,-70
97,-66
61,-91
109,-64
98,-65
106,-64
64,-71
56,-73
63,-72
75,-65
82,-60
126,-79
83,-59
60,-65
86,-70
69,-64
96,-64
90,-78
81,-59
84,-77
103,-75
8,-36
7,-35
9,-37
34,-58
35,-70
43,-59
28,-58
4,-56
6,-55
58,-62
102,-78
5,-56
26,-64
54,-66
70,-65
88,-86
38,-63
23,-64
107,-78
57,-65
27,-62
67,-68
52,-79
40,-64
41,-64
10,-60
16,-60
71,-67
80,-69
49,-64
68,-67
13,-62
11,-73
15,-64
17,-81
18,-81
25,-85
51,-78
72,-75
24,-84
79,-76
30,-78
37,-88
46,-87
62,-64
59,-69
33,-86
105,-76
239,-68
108,-76
123,-75
99,-75
53,-79
12,-90
19,-89
20,-79
85,-79
213,-82
32,-88
31,-89
OFFSET,78297
36,-60
39,-70
44,-62
45,-60
47,-74
48,-70
97,-66
61,-91
109,-67
98,-65
106,-71
64,-71
56,-73
63,-77
75,-65
82,-60
83,-59
60,-65
86,-70
69,-64
96,-64
90,-78
81,-59
84,-77
103,-75
8,-32
7,-32
9,-33
34,-57
35,-65
43,-58
28,-58
4,-57
6,-56
58,-62
102,-78
5,-55
26,-59
54,-66
70,-65
88,-86
38,-62
23,-61
107,-78
57,-71
27,-62
67,-68
52,-85
40,-73
41,-72
10,-60
16,-60
71,-67
80,-69
49,-73
68,-71
13,-62
11,-73
15,-64
17,-81
18,-81
25,-85
51,-86
72,-75
24,-84
37,-83
46,-86
62,-64
59,-69
33,-83
105,-76
239,-68
108,-76
123,-75
99,-75
53,-87
12,-89
19,-89
20,-87
85,-85
213,-82
32,-88
31,-89
OFFSET,79591
36,-59
39,-70
44,-60
45,-62
47,-74
48,-70
97,-66
61,-80
109,-67
98,-65
106,-71
64,-72
56,-72
63,-71
75,-65
82,-60
83,-59
60,-65
86,-70
69,-64
96,-64
90,-78
81,-59
84,-77
103,-78
8,-30
7,-30
9,-30
34,-60
35,-56
43,-59
28,-60
4,-54
6,-54
58,-62
102,-78
5,-54
26,-64
54,-66
70,-65
88,-86
38,-63
23,-61
107,-78
57,-72
27,-61
67,-70
52,-81
40,-75
41,-75
10,-59
16,-60
71,-71
80,-67
49,-75
68,-71
13,-63
11,-69
15,-59
17,-67
18,-65
25,-71
51,-82
72,-75
24,-82
37,-79
46,-81
62,-70
59,-69
33,-82
105,-76
239,-68
108,-76
123,-75
99,-75
53,-81
12,-89
19,-89
20,-87
85,-85
213,-82
32,-72
31,-71
14,-84
29,-81
30,-83
OFFSET,80762
OFFSET,81899
36,-61
39,-77
44,-62
45,-61
47,-79
48,-79
97,-78
61,-80
109,-72
98,-65
106,-71
64,-72
56,-72
63,-71
75,-82
82,-76
83,-76
60,-66
86,-84
69,-67
96,-82
90,-82
81,-59
84,-79
103,-79
8,-29
7,-29
9,-30
34,-62
35,-56
43,-62
28,-62
4,-56
6,-56
58,-62
102,-72
5,-56
26,-70
54,-69
70,-63
88,-86
38,-62
23,-66
107,-78
57,-79
27,-61
67,-70
52,-82
40,-75
41,-74
10,-59
16,-60
71,-71
80,-73
49,-75
68,-69
13,-60
11,-77
15,-58
17,-77
18,-77
25,-69
51,-82
72,-84
24,-84
37,-83
46,-81
62,-70
59,-69
33,-82
105,-76
239,-74
108,-76
123,-75
99,-75
53,-81
12,-94
19,-92
20,-93
85,-85
213,-71
32,-69
31,-70
14,-84
29,-81
30,-83
21,-79
22,-82
79,-83
55,-80
100,-80
OFFSET,83102
36,-61
39,-77
44,-61
45,-60
47,-77
48,-76
97,-78
61,-80
109,-72
98,-65
106,-71
64,-72
56,-72
63,-73
75,-82
82,-76
83,-76
60,-63
86,-83
69,-64
96,-85
90,-85
81,-59
84,-80
103,-79
8,-28
7,-28
9,-28
34,-56
35,-53
43,-57
28,-56
4,-54
6,-54
58,-79
102,-72
5,-56
26,-60
54,-65
70,-63
88,-86
38,-73
23,-73
107,-78
57,-79
27,-70
67,-70
52,-82
40,-74
41,-75
10,-56
16,-56
71,-72
80,-73
49,-74
68,-64
13,-60
11,-77
15,-56
17,-73
18,-75
25,-69
51,-82
72,-87
24,-87
37,-78
46,-79
62,-70
59,-69
33,-78
239,-74
108,-76
53,-82
12,-85
19,-84
20,-84
85,-85
213,-74
32,-69
31,-70
14,-84
29,-87
30,-87
21,-79
22,-82
79,-85
55,-80
100,-80
146,-90
OFFSET,84291
36,-61
39,-81
44,-60
45,-60
47,-81
48,-81
97,-78
61,-82
109,-72
98,-65
106,-71
64,-72
56,-72
63,-73
75,-82
82,-84
83,-76
60,-63
86,-83
69,-64
96,-83
90,-85
84,-81
103,-80
8,-31
7,-31
9,-31
34,-57
35,-56
43,-56
28,-57
4,-53
6,-53
58,-67
102,-72
5,-53
26,-60
54,-65
70,-68
88,-86
38,-60
23,-65
107,-78
57,-79
27,-64
67,-71
52,-87
40,-75
41,-77
10,-55
16,-54
71,-75
80,-73
49,-76
68,-67
13,-60
11,-67
15,-55
17,-70
18,-68
25,-70
51,-85
72,-87
24,-87
37,-78
46,-79
62,-70
59,-69
33,-78
239,-74
53,-86
12,-85
19,-84
20,-84
85,-85
213,-74
32,-71
31,-70
14,-84
29,-87
30,-87
21,-79
22,-82
79,-84
55,-80
100,-80
146,-90
95,-72
OFFSET,85508
36,-61
39,-80
44,-59
45,-60
47,-79
48,-80
97,-78
61,-83
109,-72
98,-65
106,-71
64,-72
56,-72
63,-73
75,-82
82,-84
83,-76
60,-63
86,-84
69,-64
96,-83
90,-85
84,-81
103,-80
8,-27
7,-26
9,-26
34,-59
35,-61
43,-60
28,-56
4,-50
6,-50
58,-67
102,-72
5,-50
26,-60
54,-68
70,-65
88,-86
38,-63
23,-62
107,-78
57,-77
27,-62
67,-71
52,-84
40,-78
41,-79
10,-56
16,-57
71,-75
80,-72
49,-77
68,-66
13,-68
11,-64
15,-57
17,-65
18,-64
25,-70
51,-85
72,-87
24,-87
37,-79
46,-80
62,-70
33,-79
239,-74
53,-83
12,-89
19,-86
20,-89
85,-85
213,-74
32,-71
31,-70
14,-84
29,-79
30,-87
21,-79
22,-82
79,-84
55,-80
100,-80
146,-90
95,-72
89,-87
OFFSET,86700
36,-61
39,-80
44,-62
45,-62
47,-79
48,-80
97,-78
61,-78
109,-67
98,-67
106,-69
64,-72
56,-72
63,-73
75,-82
82,-80
83,-80
60,-69
86,-84
69,-64
96,-83
90,-85
84,-81
103,-80
8,-29
7,-29
9,-29
34,-58
35,-58
43,-57
28,-57
4,-51
6,-52
58,-68
102,-72
5,-53
26,-60
54,-66
70,-65
88,-86
38,-72
23,-62
107,-78
57,-80
27,-71
67,-71
52,-84
40,-75
41,-77
10,-54
16,-55
71,-75
80,-71
49,-75
68,-66
13,-64
11,-74
15,-54
17,-74
18,-74
25,-72
51,-85
72,-84
24,-83
37,-86
46,-87
62,-70
33,-86
239,-74
53,-83
12,-89
19,-86
20,-89
85,-85
213,-77
32,-70
31,-70
14,-84
29,-79
30,-82
21,-79
22,-82
79,-84
55,-88
100,-80
146,-90
95,-72
89,-87
81,-81
OFFSET,87890
36,-64
39,-80
44,-64
45,-65
47,-79
48,-79
97,-78
61,-78
109,-67
98,-67
106,-69
64,-72
56,-72
63,-73
75,-82
82,-80
83,-80
60,-70
86,-84
69,-68
96,-83
90,-85
84,-81
103,-80
8,-32
7,-33
9,-33
34,-62
35,-63
43,-62
28,-61
4,-51
6,-51
58,-68
102,-72
5,-51
26,-69
54,-72
70,-65
88,-86
38,-65
23,-69
107,-78
57,-80
27,-61
67,-71
52,-84
40,-75
41,-75
10,-55
16,-55
71,-75
80,-75
49,-75
68,-63
13,-61
11,-64
15,-54
17,-64
18,-64
25,-72
51,-85
72,-84
24,-83
37,-79
46,-79
62,-70
33,-79
239,-74
53,-86
12,-88
19,-87
20,-86
85,-85
213,-81
32,-74
31,-75
14,-79
29,-78
30,-78
21,-79
22,-78
79,-84
55,-88
100,-80
146,-90
95,-79
89,-87
81,-81
OFFSET,89090
36,-60
39,-76
44,-64
45,-65
47,-79
48,-79
97,-78
61,-78
109,-72
98,-72
106,-73
64,-72
56,-72
63,-73
75,-82
82,-79
83,-80
60,-70
86,-85
69,-68
96,-88
90,-84
84,-80
103,-80
8,-32
7,-32
9,-32
34,-58
35,-75
43,-59
28,-59
4,-51
6,-54
58,-69
102,-72
5,-52
26,-65
54,-72
70,-67
88,-86
38,-64
23,-69
107,-78
57,-80
27,-65
67,-71
52,-82
40,-75
41,-83
10,-54
16,-54
71,-74
80,-75
49,-75
68,-59
13,-58
11,-63
15,-54
17,-64
18,-63
25,-74
51,-81
72,-84
24,-83
37,-83
46,-79
62,-70
33,-84
239,-74
53,-82
12,-88
19,-86
20,-85
85,-85
213,-81
32,-74
31,-74
14,-79
29,-78
30,-78
21,-79
22,-78
79,-84
55,-88
100,-80
146,-90
95,-73
89,-87
81,-81
OFFSET,90280
36,-58
39,-76
44,-59
45,-59
47,-79
48,-79
97,-78
61,-78
109,-72
98,-72
106,-73
64,-72
56,-72
63,-73
75,-82
82,-75
83,-74
60,-71
86,-85
69,-68
96,-88
90,-84
84,-76
103,-80
8,-33
7,-34
9,-33
34,-59
35,-64
43,-59
28,-58
4,-55
6,-56
58,-69
102,-72
5,-54
26,-63
54,-72
70,-67
88,-86
38,-64
23,-69
107,-78
57,-80
27,-69
67,-79
52,-85
40,-75
41,-83
10,-57
16,-54
71,-74
80,-75
49,-78
68,-59
13,-61
11,-65
15,-57
17,-65
18,-65
25,-70
51,-83
72,-75
24,-83
37,-80
46,-79
62,-70
33,-78
239,-74
53,-83
12,-88
19,-86
20,-85
85,-85
213,-81
32,-66
31,-70
14,-80
29,-78
30,-78
21,-80
22,-78
79,-84
55,-88
100,-80
146,-90
95,-73
89,-87
81,-81
OFFSET,91477
36,-66
39,-75
44,-62
45,-65
47,-77
48,-77
97,-76
61,-78
109,-72
98,-72
106,-73
64,-72
56,-72
63,-73
75,-82
82,-75
83,-74
60,-71
86,-85
69,-68
96,-88
90,-84
84,-82
103,-78
8,-39
7,-39
9,-39
34,-60
35,-66
43,-57
28,-59
4,-47
6,-47
58,-67
102,-72
5,-47
26,-65
54,-72
70,-66
88,-86
38,-78
23,-69
107,-78
57,-80
27,-81
67,-79
52,-82
40,-86
41,-84
10,-56
16,-58
71,-74
80,-75
49,-84
68,-70
13,-63
11,-70
15,-58
17,-70
18,-71
25,-70
51,-80
72,-75
24,-79
37,-81
46,-80
62,-70
33,-79
239,-71
53,-82
12,-88
19,-86
20,-85
85,-85
213,-81
32,-66
31,-70
14,-78
29,-79
30,-78
21,-79
22,-79
79,-84
55,-88
100,-80
146,-90
95,-78
89,-87
81,-81
59,-71
126,-77
66,-79
73,-81
OFFSET,92675
36,-66
39,-75
44,-69
45,-67
47,-77
48,-77
97,-76
61,-78
109,-72
98,-72
106,-73
64,-72
56,-72
63,-73
75,-78
82,-75
83,-74
60,-70
86,-85
69,-68
96,-88
90,-84
84,-82
103,-78
8,-48
7,-48
9,-48
34,-57
35,-71
43,-55
28,-58
4,-46
6,-46
58,-64
102,-72
5,-47
26,-65
54,-72
70,-66
88,-86
38,-77
23,-69
107,-78
57,-80
27,-81
67,-79
52,-81
40,-80
41,-76
10,-57
16,-57
71,-74
80,-75
49,-86
68,-70
13,-63
11,-68
15,-58
17,-71
18,-69
25,-70
51,-80
72,-75
24,-79
37,-81
46,-81
62,-70
33,-81
239,-71
53,-81
12,-83
19,-84
20,-82
213,-81
32,-66
31,-70
14,-78
29,-79
30,-78
21,-79
22,-79
79,-84
55,-88
100,-80
146,-90
95,-78
89,-87
81,-81
59,-71
126,-77
66,-79
73,-81
42,-68
OFFSET,93887
36,-64
39,-75
44,-63
45,-63
47,-77
48,-77
97,-76
61,-78
109,-72
98,-72
106,-70
63,-73
75,-90
82,-75
83,-74
60,-74
86,-85
69,-68
96,-88
90,-84
84,-82
103,-78
8,-41
7,-40
9,-40
34,-54
35,-67
43,-54
28,-55
4,-48
6,-47
58,-69
102,-72
5,-48
26,-65
54,-72
70,-66
88,-86
38,-87
23,-69
107,-78
57,-80
27,-76
67,-79
52,-81
40,-80
41,-79
10,-52
16,-52
71,-74
80,-75
49,-81
68,-72
13,-61
11,-67
15,-52
17,-66
18,-67
25,-78
51,-81
72,-75
24,-79
37,-81
46,-81
33,-81
239,-71
53,-81
12,-84
19,-84
20,-82
213,-81
32,-79
31,-78
14,-77
29,-76
30,-78
21,-79
22,-79
79,-84
55,-88
100,-80
146,-90
95,-78
89,-87
81,-81
59,-82
126,-77
66,-79
73,-81
42,-68
76,-79
65,-88
OFFSET,95070
36,-64
39,-83
44,-65
45,-67
47,-83
48,-82
97,-77
61,-78
109,-72
98,-72
106,-70
63,-73
75,-90
82,-75
83,-74
60,-74
86,-84
69,-68
96,-88
90,-90
84,-82
103,-78
8,-40
7,-40
9,-40
34,-58
35,-63
43,-58
28,-60
4,-41
6,-41
58,-69
102,-72
5,-41
26,-65
54,-72
70,-66
88,-86
38,-84
23,-69
107,-78
57,-80
27,-82
67,-79
52,-82
40,-80
41,-79
10,-52
16,-52
71,-74
80,-75
49,-81
68,-72
13,-61
11,-66
15,-51
17,-67
18,-65
25,-66
51,-81
72,-78
24,-79
37,-81
46,-81
33,-81
239,-71
53,-82
12,-84
19,-84
20,-82
213,-81
32,-66
31,-66
14,-77
29,-79
30,-78
21,-79
22,-79
79,-89
55,-88
100,-80
146,-90
95,-78
89,-87
81,-81
59,-82
126,-77
66,-79
73,-81
42,-68
76,-79
65,-88
77,-78
OFFSET,96274
36,-64
39,-83
44,-65
45,-67
47,-83
48,-86
97,-77
61,-78
109,-71
98,-67
106,-70
63,-73
75,-90
82,-75
83,-74
60,-74
86,-84
69,-68
96,-88
90,-90
84,-82
103,-78
8,-49
7,-51
9,-50
34,-59
35,-69
43,-59
28,-61
4,-42
6,-42
58,-70
5,-42
26,-70
54,-72
70,-66
88,-86
38,-84
23,-71
107,-78
57,-80
27,-80
67,-79
52,-79
40,-80
41,-79
10,-51
16,-50
71,-74
80,-75
49,-81
68,-72
13,-60
11,-58
15,-51
17,-59
18,-59
25,-65
51,-81
72,-77
24,-75
37,-74
46,-75
33,-76
239,-71
53,-78
12,-82
19,-79
20,-79
213,-81
32,-65
31,-65
14,-77
29,-74
30,-74
21,-79
22,-77
79,-89
55,-88
146,-90
95,-78
89,-87
81,-81
59,-82
126,-77
66,-79
73,-81
42,-68
76,-79
65,-88
77,-78
123,-82
108,-82
50,-93
OFFSET,97481
36,-64
39,-83
44,-65
45,-67
47,-83
48,-86
97,-77
61,-78
109,-70
98,-70
106,-71
75,-90
82,-75
83,-74
60,-74
86,-84
69,-68
96,-88
90,-90
84,-82
103,-78
8,-48
7,-47
9,-46
34,-57
35,-71
43,-57
28,-56
4,-39
6,-39
58,-69
5,-40
26,-74
54,-75
70,-73
38,-84
23,-62
57,-80
27,-80
67,-79
52,-75
40,-82
41,-84
10,-58
16,-58
71,-74
80,-75
49,-81
68,-72
13,-59
11,-65
15,-58
17,-66
18,-66
25,-64
51,-76
72,-80
24,-76
37,-73
46,-74
33,-74
239,-71
53,-76
12,-84
19,-86
20,-85
213,-81
32,-64
31,-64
14,-73
29,-78
30,-74
21,-73
22,-76
79,-89
55,-83
95,-78
89,-87
81,-81
59,-82
126,-77
66,-79
73,-68
42,-69
76,-79
65,-88
77,-78
123,-82
108,-82
50,-79
116,-87
OFFSET,98660
36,-64
39,-87
44,-65
45,-67
47,-87
48,-87
97,-77
61,-84
109,-70
98,-70
106,-71
75,-90
82,-75
83,-87
60,-74
86,-84
69,-68
96,-88
90,-90
84,-83
103,-78
8,-46
7,-46
9,-46
34,-56
35,-71
43,-57
28,-57
4,-39
6,-39
58,-69
5,-39
26,-74
54,-75
70,-77
38,-81
23,-68
57,-80
27,-80
67,-79
52,-75
40,-82
41,-83
10,-47
16,-47
71,-74
80,-75
49,-81
68,-81
13,-58
11,-55
15,-46
17,-55
18,-54
25,-64
51,-76
72,-82
24,-76
37,-76
46,-79
33,-78
239,-71
53,-76
12,-79
19,-79
20,-79
213,-81
32,-64
31,-64
14,-73
29,-78
30,-77
21,-71
22,-73
79,-89
55,-83
95,-78
89,-87
81,-81
59,-82
126,-77
66,-79
73,-68
42,-66
76,-72
65,-88
77,-78
123,-82
108,-82
50,-76
116,-87
OFFSET,99855
36,-64
39,-87
44,-65
45,-67
47,-88
48,-88
97,-77
61,-84
109,-72
98,-70
106,-72
75,-90
82,-75
83,-87
60,-74
86,-84
69,-68
96,-88
90,-90
84,-83
103,-78
8,-47
7,-47
9,-46
34,-59
35,-73
43,-59
28,-60
4,-34
6,-35
58,-77
5,-34
26,-74
54,-75
70,-77
38,-84
23,-68
57,-80
27,-80
67,-79
52,-75
40,-84
41,-84
10,-42
16,-43
71,-74
80,-75
49,-84
68,-81
13,-54
11,-61
15,-43
17,-61
18,-61
25,-73
51,-76
72,-79
24,-72
37,-74
46,-74
33,-73
239,-71
53,-75
12,-76
19,-74
20,-75
213,-81
32,-72
31,-74
14,-73
29,-72
30,-72
21,-71
22,-80
79,-89
55,-83
95,-78
81,-81
59,-82
126,-77
66,-79
73,-68
42,-65
76,-72
65,-88
77,-73
123,-82
108,-82
50,-75
116,-83
OFFSET,101067
36,-64
39,-80
44,-65
45,-67
47,-80
48,-81
97,-77
61,-84
109,-72
98,-70
106,-73
75,-90
82,-75
83,-87
60,-74
86,-84
69,-68
96,-88
90,-90
84,-83
103,-78
8,-50
7,-50
9,-51
34,-58
35,-73
43,-59
28,-58
4,-39
6,-38
58,-77
5,-39
26,-74
54,-75
70,-77
38,-84
23,-58
27,-80
67,-79
52,-75
40,-84
41,-84
10,-51
16,-51
71,-74
80,-75
49,-84
68,-81
13,-57
11,-61
15,-53
17,-61
18,-62
25,-65
51,-78
72,-74
24,-71
37,-78
46,-79
33,-78
239,-71
53,-76
12,-74
19,-74
20,-74
213,-81
32,-65
31,-65
14,-73
29,-71
30,-71
21,-71
22,-80
79,-89
55,-80
95,-71
59,-82
126,-77
66,-79
73,-68
42,-62
76,-72
65,-83
77,-73
123,-82
108,-82
50,-75
116,-83
91,-90
94,-91
OFFSET,102267
36,-64
39,-80
44,-65
45,-67
47,-80
48,-81
97,-77
61,-84
109,-72
98,-70
106,-73
75,-90
82,-75
83,-87
60,-74
86,-84
96,-88
90,-90
84,-83
103,-78
8,-50
7,-50
9,-50
34,-58
35,-73
43,-60
28,-60
4,-36
6,-35
58,-77
5,-36
26,-74
54,-75
70,-82
38,-81
23,-60
27,-82
67,-79
52,-78
40,-84
41,-84
10,-47
16,-47
71,-74
80,-75
49,-84
68,-81
13,-54
11,-59
15,-47
17,-61
18,-62
25,-64
51,-79
72,-80
24,-74
37,-75
46,-75
33,-75
239,-71
53,-79
12,-75
19,-75
20,-76
32,-64
31,-64
14,-77
29,-74
30,-75
21,-78
22,-75
79,-89
55,-80
95,-75
59,-82
126,-77
66,-72
73,-68
42,-65
76,-72
65,-83
77,-73
123,-82
108,-82
50,-75
116,-83
91,-81
94,-91
87,-72
224,-69
211,-75
OFFSET,103463
36,-64
39,-80
44,-74
45,-67
47,-80
48,-81
97,-77
61,-84
109,-82
98,-70
106,-73
75,-90
82,-75
83,-87
60,-74
86,-84
90,-90
84,-83
103,-78
8,-51
7,-53
9,-52
34,-59
35,-74
43,-60
28,-60
4,-36
6,-36
58,-77
5,-36
26,-74
54,-75
70,-82
38,-81
23,-59
27,-82
67,-79
52,-80
40,-84
41,-84
10,-46
16,-46
80,-75
49,-88
68,-81
13,-54
11,-46
15,-45
17,-46
18,-47
25,-67
51,-79
72,-80
24,-73
37,-73
46,-72
33,-73
239,-71
53,-80
12,-69
19,-68
20,-69
32,-69
31,-66
14,-77
29,-71
30,-74
21,-78
22,-75
79,-89
55,-80
95,-70
59,-82
126,-77
66,-72
73,-68
42,-65
76,-73
65,-83
77,-58
123,-82
108,-82
50,-75
116,-83
91,-81
94,-91
87,-72
224,-69
211,-75
OFFSET,104662
36,-64
39,-80
44,-74
45,-67
47,-88
48,-88
97,-77
61,-84
109,-82
98,-76
106,-77
75,-90
83,-87
60,-74
86,-84
90,-90
84,-83
103,-78
8,-58
7,-53
9,-57
34,-59
35,-74
43,-59
28,-60
4,-35
6,-35
58,-75
5,-35
26,-77
54,-75
70,-82
38,-84
23,-59
27,-90
52,-75
40,-84
41,-84
10,-48
16,-47
80,-75
49,-88
68,-81
13,-51
11,-52
15,-47
17,-51
18,-51
25,-66
51,-79
72,-86
24,-71
37,-72
46,-72
33,-73
239,-71
53,-75
12,-65
19,-65
20,-65
32,-66
31,-65
14,-77
29,-71
30,-71
21,-78
22,-75
79,-89
55,-80
95,-70
59,-82
126,-77
66,-72
73,-68
42,-65
76,-73
65,-83
77,-66
123,-82
108,-82
50,-75
116,-83
91,-81
94,-91
87,-72
224,-69
211,-75
66,-67
OFFSET,105871
36,-64
39,-80
44,-74
45,-67
47,-88
48,-88
97,-77
61,-90
109,-71
98,-76
106,-73
75,-90
83,-87
60,-74
86,-84
90,-90
84,-87
8,-55
7,-54
9,-54
34,-57
35,-74
43,-58
28,-58
4,-37
6,-37
58,-78
5,-37
26,-77
54,-75
70,-82
38,-86
23,-59
27,-90
52,-79
40,-84
41,-84
10,-41
16,-42
49,-88
68,-81
13,-54
11,-60
15,-42
17,-60
18,-60
25,-64
51,-78
72,-78
24,-67
37,-76
46,-75
33,-75
53,-77
12,-68
19,-68
20,-68
32,-65
31,-64
14,-77
29,-67
30,-66
21,-78
22,-75
79,-89
55,-80
95,-70
59,-82
66,-72
73,-68
42,-65
76,-73
65,-90
77,-72
123,-82
108,-82
50,-78
116,-83
91,-81
94,-91
87,-72
224,-69
211,-75
66,-67
78,-68
213,-82
119,-75
82,-91
OFFSET,107058
36,-64
39,-80
44,-74
45,-67
47,-88
48,-88
97,-84
61,-90
109,-71
98,-76
106,-73
75,-90
83,-87
60,-74
86,-84
90,-90
84,-87
8,-52
7,-53
9,-53
34,-63
35,-73
43,-63
28,-63
4,-31
6,-31
58,-78
5,-31
26,-77
54,-75
70,-82
38,-86
23,-62
27,-90
52,-79
40,-84
41,-84
10,-41
16,-39
49,-88
68,-82
13,-55
11,-41
15,-40
17,-41
18,-42
25,-67
51,-79
72,-75
24,-72
37,-73
46,-73
33,-74
53,-79
12,-65
19,-65
20,-66
32,-65
31,-68
14,-73
29,-71
30,-72
21,-78
22,-75
79,-89
55,-80
95,-70
59,-82
66,-72
73,-68
42,-68
76,-68
65,-90
77,-69
123,-82
108,-82
50,-82
116,-83
91,-81
94,-91
87,-72
224,-69
211,-75
66,-67
78,-68
213,-82
119,-75
82,-91
78,-65
113,-75
118,-73
OFFSET,108248
39,-80
44,-74
45,-67
47,-87
48,-86
97,-84
61,-89
109,-71
98,-76
106,-73
83,-87
86,-84
90,-90
84,-87
8,-51
7,-53
9,-51
34,-62
35,-77
43,-62
28,-62
4,-30
6,-30
58,-78
5,-30
26,-77
54,-75
70,-80
38,-88
23,-65
27,-89
52,-77
40,-84
41,-84
10,-45
16,-46
49,-88
68,-82
13,-55
11,-47
15,-46
17,-46
18,-46
25,-64
51,-77
72,-89
24,-73
37,-72
46,-71
33,-72
53,-78
12,-63
19,-63
20,-64
32,-63
31,-64
14,-77
29,-77
30,-74
21,-74
22,-73
79,-89
55,-80
95,-69
66,-72
73,-66
42,-67
76,-68
65,-90
77,-66
123,-82
108,-82
50,-78
116,-83
91,-81
94,-91
87,-72
224,-69
211,-75
66,-67
78,-68
213,-82
119,-70
82,-91
78,-65
113,-75
118,-70
OFFSET,109443
39,-80
44,-74
47,-87
48,-86
97,-84
61,-89
109,-80
98,-80
106,-79
83,-87
84,-87
8,-56
7,-57
9,-57
34,-62
35,-77
43,-60
28,-62
4,-30
6,-30
58,-78
5,-30
26,-77
54,-75
70,-80
38,-88
23,-65
27,-89
52,-72
40,-84
41,-84
10,-47
16,-47
49,-88
68,-82
13,-54
11,-46
15,-48
17,-46
18,-46
25,-64
51,-72
72,-66
24,-71
37,-75
46,-75
33,-76
53,-73
12,-69
19,-68
20,-69
32,-63
31,-64
14,-77
29,-69
30,-70
21,-74
22,-73
55,-77
95,-69
66,-72
73,-66
42,-72
76,-68
65,-90
77,-70
123,-82
108,-82
50,-76
116,-83
91,-81
94,-91
87,-72
224,-69
211,-75
66,-67
78,-68
213,-82
119,-70
82,-91
78,-65
113,-75
118,-70
67,-82
OFFSET,110727
39,-80
44,-74
47,-87
48,-86
97,-84
61,-89
109,-80
98,-80
106,-79
83,-87
84,-87
8,-57
7,-57
9,-57
34,-62
35,-77
43,-65
28,-62
4,-33
6,-32
58,-78
5,-33
26,-77
54,-75
70,-80
38,-88
23,-63
27,-89
52,-77
40,-84
41,-84
10,-43
16,-42
49,-88
68,-82
13,-54
11,-49
15,-42
17,-49
18,-49
25,-64
51,-77
72,-75
24,-66
37,-80
46,-79
33,-79
53,-77
12,-68
19,-67
20,-68
32,-63
31,-64
14,-77
29,-67
30,-67
21,-74
22,-73
55,-77
95,-69
66,-72
73,-66
42,-60
76,-68
65,-90
77,-67
50,-80
116,-83
91,-77
94,-91
87,-72
224,-69
211,-75
66,-67
78,-68
213,-82
119,-69
82,-91
78,-63
113,-68
118,-68
67,-82
222,-89
OFFSET,111902
39,-80
44,-74
47,-87
48,-88
97,-84
61,-89
109,-80
98,-81
106,-79
83,-87
84,-87
8,-57
7,-57
9,-57
34,-62
35,-77
43,-62
28,-62
4,-36
6,-35
58,-78
5,-36
26,-77
70,-74
38,-89
23,-63
27,-87
52,-78
40,-94
41,-84
10,-40
16,-40
49,-88
68,-82
13,-56
11,-57
15,-40
17,-57
18,-58
25,-63
51,-78
72,-75
24,-72
37,-73
46,-74
33,-74
53,-78
12,-63
19,-65
20,-65
32,-74
31,-64
14,-76
29,-71
30,-73
21,-77
22,-73
55,-77
95,-69
66,-63
73,-66
42,-69
76,-78
65,-83
77,-67
50,-80
116,-82
91,-79
94,-91
87,-72
224,-69
211,-75
66,-67
78,-68
213,-82
119,-68
82,-91
78,-63
113,-67
118,-66
67,-82
222,-89
OFFSET,113111
39,-80
44,-74
47,-87
48,-88
97,-84
61,-89
109,-80
98,-81
106,-79
84,-87
8,-56
7,-56
9,-56
34,-62
35,-72
43,-62
28,-62
4,-38
6,-38
58,-78
5,-39
26,-77
70,-74
38,-89
23,-63
27,-82
52,-76
40,-94
41,-84
10,-38
16,-38
49,-88
68,-82
13,-51
11,-56
15,-39
17,-56
18,-56
25,-62
51,-74
72,-73
24,-76
37,-72
46,-72
33,-72
53,-73
12,-73
19,-73
20,-73
32,-62
31,-64
14,-76
29,-75
30,-75
21,-77
22,-73
55,-77
95,-69
66,-63
73,-67
42,-69
76,-70
65,-86
77,-67
50,-76
116,-82
91,-91
94,-91
87,-72
224,-69
211,-75
66,-67
78,-65
213,-82
119,-68
82,-91
78,-65
113,-67
118,-66
67,-82
222,-89
OFFSET,114299
39,-91
44,-74
47,-87
48,-88
97,-84
61,-90
109,-80
98,-81
106,-79
84,-87
8,-54
7,-54
9,-53
34,-62
35,-75
43,-62
28,-62
4,-40
6,-40
58,-78
5,-41
26,-77
70,-74
38,-89
23,-63
27,-91
52,-79
40,-94
10,-37
16,-38
49,-88
68,-82
13,-53
11,-53
15,-38
17,-53
18,-53
25,-63
51,-79
72,-70
24,-76
37,-71
46,-71
33,-71
53,-78
12,-74
19,-75
20,-76
32,-63
31,-62
14,-79
29,-75
30,-75
21,-78
22,-77
55,-81
95,-74
66,-63
73,-67
42,-62
76,-71
65,-84
77,-75
50,-79
116,-82
91,-91
94,-91
87,-72
224,-69
211,-75
66,-67
78,-65
213,-82
119,-68
82,-91
78,-61
113,-67
118,-66
67,-82
222,-89
75,-80
63,-79
OFFSET,115583
39,-91
44,-74
47,-87
48,-88
97,-84
61,-89
109,-80
98,-81
106,-79
84,-87
8,-54
7,-55
9,-56
34,-62
35,-75
43,-65
28,-66
4,-35
6,-36
58,-78
5,-35
26,-82
70,-74
38,-89
23,-62
27,-91
52,-68
40,-94
10,-36
16,-36
49,-88
68,-82
13,-53
11,-57
15,-36
17,-57
18,-56
25,-58
51,-67
72,-70
24,-70
37,-75
46,-75
33,-75
53,-68
12,-72
19,-72
20,-73
32,-58
31,-57
14,-79
29,-70
30,-70
21,-78
22,-77
55,-81
95,-77
66,-63
73,-67
42,-70
76,-71
65,-83
77,-70
50,-77
116,-82
91,-91
87,-72
224,-69
211,-75
66,-67
78,-60
213,-82
119,-68
82,-91
78,-60
113,-67
118,-66
67,-86
222,-89
75,-80
63,-79
54,-84
OFFSET,116754
39,-91
44,-74
47,-87
48,-88
97,-84
61,-89
109,-80
98,-81
106,-79
84,-87
8,-56
7,-56
9,-57
34,-62
35,-74
43,-65
28,-66
4,-38
6,-37
58,-78
5,-38
26,-82
70,-74
38,-88
23,-61
27,-90
52,-69
40,-94
10,-36
16,-36
49,-88
68,-82
13,-52
11,-56
15,-36
17,-56
18,-57
25,-64
51,-68
72,-69
24,-73
37,-78
46,-78
33,-78
53,-68
12,-75
19,-74
20,-74
32,-65
31,-66
14,-79
29,-72
30,-72
21,-78
22,-77
55,-82
95,-67
66,-65
73,-67
42,-65
76,-65
65,-83
77,-73
50,-71
116,-82
91,-83
66,-67
78,-60
213,-82
119,-68
82,-91
78,-65
113,-67
118,-66
67,-86
222,-89
75,-80
63,-79
54,-84
64,-78
OFFSET,118041
39,-91
47,-89
48,-88
97,-84
61,-89
109,-80
98,-81
106,-79
84,-87
8,-55
7,-55
9,-55
34,-62
35,-74
43,-65
28,-66
4,-41
6,-41
58,-78
5,-41
26,-82
70,-74
38,-88
23,-55
27,-90
52,-68
40,-94
10,-36
16,-36
68,-82
13,-50
11,-57
15,-37
17,-56
18,-57
25,-73
51,-69
72,-75
24,-70
37,-83
46,-83
33,-83
53,-69
12,-73
19,-73
20,-74
32,-73
31,-73
14,-79
29,-70
30,-70
21,-78
22,-77
55,-87
95,-65
66,-65
73,-60
42,-61
76,-65
65,-86
77,-67
50,-74
116,-82
91,-83
66,-60
78,-59
213,-82
119,-68
82,-91
78,-60
113,-67
118,-66
67,-85
222,-89
75,-80
63,-79
54,-84
64,-78
45,-77
OFFSET,119205
39,-91
47,-89
48,-88
97,-84
61,-89
109,-80
98,-81
106,-79
84,-87
8,-58
7,-56
9,-57
34,-62
35,-82
43,-66
28,-63
4,-44
6,-44
58,-78
5,-44
26,-82
70,-74
38,-89
23,-59
27,-90
52,-69
40,-94
10,-35
16,-36
68,-82
13,-49
11,-61
15,-36
17,-61
18,-61
25,-59
51,-69
72,-66
24,-74
37,-78
46,-79
33,-78
53,-70
12,-73
19,-73
20,-74
32,-60
31,-60
14,-79
29,-76
30,-75
21,-78
22,-77
55,-87
95,-65
66,-65
73,-60
42,-60
76,-67
65,-86
77,-67
50,-74
116,-82
91,-83
66,-63
78,-61
213,-82
119,-68
82,-91
78,-61
113,-67
118,-66
67,-85
222,-89
75,-80
63,-79
54,-84
64,-78
45,-77
OFFSET,120486
39,-91
47,-89
48,-88
97,-84
61,-89
109,-80
98,-78
106,-79
8,-56
7,-57
9,-57
34,-62
35,-75
43,-66
28,-64
4,-46
6,-46
5,-46
26,-82
70,-74
38,-91
23,-53
27,-87
52,-71
40,-94
10,-33
16,-33
68,-82
13,-49
11,-69
15,-33
17,-68
18,-67
25,-71
51,-69
72,-68
24,-74
37,-76
46,-76
33,-74
53,-69
12,-82
19,-81
20,-81
32,-69
31,-70
14,-79
29,-74
30,-74
21,-78
22,-77
55,-87
95,-65
66,-65
73,-60
42,-63
76,-68
65,-87
77,-67
50,-74
116,-82
91,-83
66,-58
78,-61
119,-68
78,-59
113,-67
118,-66
67,-85
222,-89
75,-80
63,-79
54,-84
64,-78
45,-77
OFFSET,121641
39,-89
47,-89
48,-89
61,-89
109,-80
98,-78
106,-79
8,-56
7,-55
9,-53
34,-64
35,-75
43,-64
28,-63
4,-49
6,-49
5,-49
26,-74
70,-74
38,-91
23,-62
27,-87
52,-68
40,-94
10,-37
16,-37
13,-48
11,-68
15,-37
17,-68
18,-68
25,-54
51,-68
72,-66
24,-75
37,-78
46,-78
33,-79
53,-68
12,-81
19,-81
20,-81
32,-54
31,-54
14,-79
29,-75
30,-75
21,-78
22,-77
55,-87
95,-65
66,-65
73,-60
42,-55
76,-68
65,-91
77,-67
50,-72
116,-82
91,-83
66,-58
78,-58
119,-68
78,-57
113,-67
118,-66
67,-85
222,-89
75,-80
63,-79
54,-84
64,-78
45,-77
115,-77
226,-78
84,-81
82,-82
83,-84
OFFSET,122921
39,-89
47,-89
48,-89
61,-89
109,-80
98,-78
106,-79
8,-52
7,-56
9,-55
34,-64
35,-75
43,-64
28,-63
4,-49
6,-50
5,-50
26,-74
70,-78
38,-91
23,-57
27,-88
52,-66
40,-94
10,-40
16,-40
13,-48
11,-69
15,-40
17,-70
18,-67
25,-57
51,-66
72,-65
24,-75
37,-78
46,-78
33,-79
53,-66
12,-83
19,-84
20,-84
32,-60
31,-55
14,-79
29,-75
30,-75
21,-78
22,-77
55,-87
95,-57
66,-65
73,-60
42,-58
76,-67
65,-91
77,-67
50,-73
116,-82
91,-83
66,-67
78,-58
119,-68
78,-58
113,-67
118,-66
67,-85
222,-89
75,-80
63,-78
54,-84
64,-78
45,-77
115,-77
226,-78
84,-81
82,-82
83,-84
56,-77
OFFSET,124085
39,-89
47,-89
48,-89
61,-89
98,-77
106,-78
8,-51
7,-51
9,-50
34,-65
35,-78
43,-64
28,-65
4,-52
6,-53
5,-54
26,-74
70,-82
38,-91
23,-55
27,-86
52,-66
40,-94
10,-37
16,-37
13,-47
11,-72
15,-37
17,-71
18,-73
25,-51
51,-66
72,-66
24,-75
37,-80
46,-75
33,-79
53,-66
12,-82
19,-81
20,-80
32,-53
31,-51
14,-79
29,-75
30,-75
21,-78
22,-77
55,-87
95,-57
66,-62
73,-60
42,-58
76,-62
65,-91
77,-67
50,-72
116,-82
91,-83
66,-67
78,-58
119,-68
78,-58
113,-67
118,-66
67,-85
222,-89
75,-80
63,-78
54,-84
64,-78
45,-77
115,-77
226,-78
84,-81
82,-82
83,-84
56,-77
81,-85
OFFSET,125363
39,-84
47,-85
48,-85
61,-89
98,-77
106,-78
8,-50
7,-52
9,-53
34,-65
35,-78
43,-64
28,-65
4,-53
6,-53
5,-52
26,-81
70,-82
38,-91
23,-55
27,-86
52,-66
40,-94
10,-44
16,-43
13,-43
11,-59
15,-45
17,-60
18,-60
25,-52
51,-65
72,-56
24,-78
37,-83
46,-82
33,-83
53,-66
12,-87
19,-86
20,-80
32,-53
31,-52
14,-79
29,-80
30,-78
21,-78
22,-77
55,-87
95,-63
66,-62
73,-60
42,-61
76,-62
65,-91
77,-67
50,-71
116,-82
91,-83
66,-67
78,-58
119,-68
78,-66
113,-67
118,-66
67,-85
75,-80
63,-78
54,-84
64,-78
45,-77
115,-77
226,-78
84,-88
82,-86
83,-88
56,-77
81,-85
OFFSET,126529
39,-87
47,-86
48,-87
61,-89
98,-77
106,-76
8,-56
7,-57
9,-56
34,-71
35,-78
43,-69
28,-70
4,-50
6,-51
5,-50
26,-78
70,-82
38,-91
23,-49
27,-86
52,-69
10,-45
16,-44
13,-43
11,-54
15,-45
17,-54
18,-54
25,-57
51,-68
72,-70
24,-80
37,-78
46,-77
33,-78
53,-68
12,-79
19,-78
20,-78
32,-57
31,-58
14,-79
29,-79
30,-80
21,-78
22,-77
55,-87
95,-63
66,-62
73,-60
42,-62
76,-66
65,-91
77,-67
50,-75
91,-83
66,-67
78,-58
78,-66
67,-85
75,-80
63,-78
54,-84
64,-75
45,-77
115,-77
226,-78
84,-88
82,-86
83,-88
56,-76
81,-85
109,-76
120,-79
92,-82
41,-89
OFFSET,127796
39,-87
47,-86
48,-86
61,-89
98,-77
106,-76
8,-53
7,-52
9,-56
34,-63
35,-73
43,-63
28,-70
4,-45
6,-47
5,-46
26,-78
70,-82
38,-91
23,-50
27,-86
52,-70
10,-45
16,-44
13,-42
11,-69
15,-44
17,-67
18,-68
25,-68
51,-68
72,-65
24,-75
37,-84
46,-82
33,-81
53,-70
12,-78
19,-78
20,-79
32,-68
31,-68
14,-79
29,-74
30,-74
21,-78
22,-77
55,-87
95,-61
66,-62
73,-60
42,-68
76,-67
65,-91
77,-67
50,-75
91,-83
66,-67
78,-58
78,-66
67,-85
75,-80
63,-80
54,-84
64,-79
45,-77
115,-79
226,-78
84,-88
82,-86
83,-88
56,-77
81,-85
109,-76
120,-78
92,-82
41,-89
