DEVICE,acer,B1-730
OFFSET,17
84,-65
109,-59
48,-87
47,-84
98,-57
106,-57
86,-48
39,-85
82,-61
83,-61
79,-52
81,-61
74,-59
56,-55
63,-55
64,-55
96,-51
90,-51
75,-82
62,-49
59,-78
126,-71
101,-75
123,-69
99,-78
61,-73
104,-58
97,-74
105,-68
89,-74
133,-74
146,-80
144,-73
108,-67
100,-66
135,-72
139,-74
128,-64
127,-65
129,-65
140,-74
184,-77
174,-76
172,-77
164,-75
151,-74
157,-71
155,-73
137,-73
178,-75
170,-74
156,-74
158,-73
160,-78
148,-81
138,-80
166,-87
161,-77
168,-88
167,-86
154,-80
220,-80
149,-81
9,-78
7,-77
152,-84
169,-72
143,-79
165,-90
44,-81
43,-83
28,-79
175,-88
177,-88
94,-83
162,-90
136,-91
6,-83
OFFSET,958
84,-74
109,-63
48,-82
47,-83
98,-63
106,-62
86,-47
39,-81
82,-61
83,-61
79,-52
81,-61
74,-61
56,-53
63,-53
64,-53
96,-52
90,-53
75,-82
62,-57
59,-78
126,-68
101,-72
123,-75
99,-66
61,-72
104,-60
97,-74
105,-70
89,-72
133,-72
146,-71
144,-71
108,-72
100,-71
135,-70
139,-70
128,-63
127,-63
129,-62
140,-70
184,-77
174,-76
172,-77
164,-77
151,-79
157,-75
155,-75
137,-74
178,-75
170,-79
156,-74
158,-75
160,-74
148,-81
138,-80
166,-87
161,-77
168,-88
167,-86
154,-80
220,-80
149,-81
9,-78
7,-77
152,-84
169,-81
143,-83
165,-90
44,-81
43,-83
28,-79
175,-88
177,-88
94,-83
162,-90
136,-91
6,-83
OFFSET,2145
84,-62
109,-64
48,-82
47,-83
98,-64
106,-64
86,-51
39,-81
82,-65
83,-65
79,-54
81,-64
74,-59
56,-56
63,-56
64,-56
96,-52
90,-54
75,-87
62,-57
59,-78
126,-65
101,-63
123,-64
99,-66
61,-73
104,-60
97,-73
105,-65
89,-75
133,-71
146,-77
144,-70
108,-65
100,-65
135,-69
139,-68
128,-59
127,-59
129,-59
140,-70
184,-77
174,-76
172,-77
164,-74
151,-74
157,-74
155,-77
137,-74
178,-85
170,-78
156,-75
158,-75
160,-69
148,-81
138,-80
166,-87
161,-77
168,-88
167,-86
154,-80
220,-80
149,-81
9,-78
7,-77
152,-84
169,-73
143,-82
165,-88
44,-81
43,-83
28,-79
175,-88
177,-88
94,-83
162,-88
136,-91
6,-83
OFFSET,3428
84,-68
109,-59
48,-82
47,-83
98,-59
106,-60
86,-54
39,-81
82,-65
83,-67
79,-52
81,-67
74,-54
56,-56
63,-56
64,-56
96,-51
90,-51
75,-87
62,-56
59,-78
126,-65
101,-66
123,-66
99,-65
61,-65
104,-55
97,-69
105,-55
89,-75
133,-71
146,-67
144,-77
108,-57
100,-57
135,-76
139,-77
128,-57
127,-57
129,-57
140,-70
184,-77
174,-76
172,-77
164,-74
151,-72
157,-74
155,-72
137,-77
178,-85
170,-79
156,-72
158,-75
160,-72
148,-81
138,-80
166,-87
161,-77
168,-88
167,-86
154,-80
220,-80
149,-81
9,-78
7,-77
152,-84
169,-75
143,-82
165,-88
44,-81
43,-83
28,-79
175,-91
177,-88
94,-83
162,-88
136,-91
6,-83
OFFSET,4591
84,-74
109,-59
48,-82
47,-83
98,-59
106,-59
86,-58
39,-81
82,-69
83,-69
79,-57
81,-69
74,-63
56,-53
63,-52
64,-53
96,-57
90,-57
75,-87
62,-57
59,-78
126,-65
101,-66
123,-66
99,-65
61,-72
104,-62
97,-73
105,-52
89,-71
133,-70
146,-72
144,-74
108,-53
100,-54
135,-74
139,-74
128,-65
127,-64
129,-65
140,-69
184,-77
174,-76
172,-77
164,-78
151,-72
157,-74
155,-72
137,-77
178,-68
170,-80
156,-72
158,-75
160,-82
148,-81
138,-80
166,-87
161,-77
168,-88
167,-86
154,-80
220,-80
149,-81
9,-78
7,-77
152,-80
169,-75
143,-80
165,-88
44,-79
43,-83
28,-79
175,-91
177,-88
94,-83
162,-88
136,-91
6,-83
8,-78
93,-88
45,-78
16,-79
OFFSET,5794
84,-74
109,-60
48,-82
47,-83
98,-60
106,-60
86,-59
39,-81
82,-69
83,-69
79,-58
81,-69
74,-63
56,-58
63,-60
64,-60
96,-56
90,-56
75,-87
62,-64
59,-78
126,-67
101,-68
123,-69
99,-69
61,-72
104,-62
97,-74
105,-47
89,-71
133,-70
146,-68
144,-74
108,-47
100,-46
135,-74
139,-74
128,-64
127,-63
129,-64
140,-69
184,-77
174,-76
172,-77
164,-78
151,-82
157,-74
155,-72
137,-81
178,-66
170,-81
156,-82
158,-75
160,-73
148,-81
138,-80
166,-87
161,-77
168,-88
167,-86
154,-80
220,-80
149,-81
152,-80
169,-68
143,-80
165,-88
44,-79
43,-83
28,-79
175,-91
177,-88
94,-83
162,-88
136,-91
6,-83
8,-78
93,-82
45,-78
16,-79
OFFSET,6984
84,-74
109,-59
48,-82
47,-83
98,-60
106,-58
86,-62
39,-81
82,-69
83,-69
79,-58
81,-69
74,-66
56,-61
63,-62
64,-62
96,-56
90,-56
75,-87
62,-59
59,-78
126,-67
101,-68
123,-69
99,-69
61,-71
104,-71
97,-74
105,-44
89,-78
133,-79
146,-72
144,-74
108,-43
100,-44
135,-74
139,-71
128,-62
127,-62
129,-62
140,-78
184,-77
174,-76
172,-77
164,-78
151,-82
157,-74
155,-72
137,-81
178,-66
170,-81
156,-82
158,-78
160,-73
138,-80
166,-87
161,-77
168,-88
167,-86
152,-80
169,-77
143,-80
165,-88
44,-74
43,-72
28,-72
175,-91
177,-88
94,-83
162,-88
136,-91
6,-83
8,-78
93,-82
45,-75
16,-79
36,-73
34,-73
OFFSET,8243
OFFSET,9382
84,-74
109,-58
48,-72
47,-72
98,-58
106,-57
86,-58
39,-71
82,-78
83,-69
79,-61
81,-69
74,-63
56,-65
63,-65
64,-65
96,-61
90,-60
75,-87
62,-65
59,-78
126,-65
101,-63
123,-63
99,-69
61,-71
104,-62
97,-73
105,-47
89,-79
133,-73
146,-72
144,-55
108,-46
100,-47
135,-54
139,-55
128,-65
127,-64
129,-63
140,-74
184,-77
174,-76
172,-77
164,-78
151,-80
157,-74
155,-72
137,-81
178,-59
170,-81
156,-82
158,-78
160,-59
138,-80
166,-87
168,-88
167,-86
152,-68
169,-65
143,-70
165,-88
44,-64
43,-71
28,-71
175,-91
177,-88
94,-83
162,-88
136,-91
6,-83
8,-79
93,-82
45,-62
16,-79
36,-73
34,-71
9,-78
7,-78
OFFSET,10668
84,-75
109,-52
48,-68
47,-67
98,-52
106,-51
86,-60
39,-68
82,-79
83,-78
79,-63
81,-79
74,-62
56,-61
63,-60
64,-61
96,-63
90,-63
75,-87
62,-60
59,-78
126,-65
101,-67
123,-63
99,-69
61,-66
104,-64
97,-70
105,-48
89,-83
133,-77
146,-72
144,-53
108,-47
100,-47
135,-52
139,-53
128,-65
127,-64
129,-63
140,-77
184,-77
174,-76
172,-77
164,-78
151,-80
157,-74
155,-72
137,-81
178,-59
170,-81
156,-82
158,-78
160,-55
138,-80
166,-87
168,-88
167,-86
152,-62
169,-62
143,-61
165,-88
44,-63
43,-70
28,-71
175,-91
177,-88
94,-83
162,-88
136,-91
6,-83
8,-79
93,-82
45,-63
16,-80
36,-64
34,-71
9,-77
7,-76
OFFSET,11839
84,-75
109,-53
48,-69
47,-68
98,-54
106,-54
86,-61
39,-68
82,-79
83,-78
79,-63
81,-79
74,-71
56,-56
63,-56
64,-57
96,-62
90,-63
75,-77
62,-58
59,-78
126,-61
101,-61
123,-61
99,-69
61,-66
104,-64
97,-75
105,-55
89,-75
133,-76
146,-69
144,-53
108,-55
100,-57
135,-54
139,-54
128,-64
127,-65
129,-65
140,-76
172,-77
164,-78
151,-80
157,-74
155,-72
137,-81
178,-59
170,-81
156,-82
158,-78
160,-53
166,-87
168,-88
167,-86
152,-68
169,-64
143,-67
165,-88
44,-61
43,-70
28,-71
175,-91
94,-83
162,-88
136,-91
6,-83
8,-79
93,-82
45,-61
16,-78
36,-61
34,-71
9,-77
7,-76
10,-77
15,-77
OFFSET,13116
84,-75
109,-56
48,-68
47,-68
98,-56
106,-56
86,-61
39,-68
82,-79
83,-78
79,-63
81,-79
74,-68
56,-60
63,-56
64,-57
96,-62
90,-63
75,-77
62,-63
59,-78
126,-60
101,-59
123,-60
99,-69
61,-66
104,-67
97,-75
105,-55
89,-77
133,-74
146,-65
144,-54
108,-54
100,-55
135,-53
139,-53
128,-67
127,-68
129,-68
140,-74
164,-78
151,-80
157,-74
155,-72
137,-81
178,-63
170,-81
156,-82
158,-78
160,-52
166,-87
168,-88
167,-86
152,-74
169,-71
143,-67
165,-88
44,-61
43,-70
28,-71
175,-91
94,-83
162,-88
8,-75
93,-82
45,-61
16,-78
36,-61
34,-71
9,-75
7,-76
10,-77
15,-77
OFFSET,14282
84,-77
109,-58
48,-68
47,-68
98,-56
106,-58
86,-64
39,-68
82,-78
83,-78
79,-66
81,-78
74,-68
56,-61
63,-61
64,-62
96,-67
90,-65
75,-77
62,-61
59,-78
126,-57
101,-59
123,-59
99,-60
61,-76
104,-67
97,-75
105,-66
89,-77
133,-74
146,-70
144,-63
108,-66
100,-66
135,-63
139,-63
128,-71
127,-71
129,-72
140,-74
164,-78
151,-80
157,-74
155,-72
137,-81
178,-62
170,-81
156,-82
158,-77
160,-63
152,-69
169,-68
143,-67
165,-88
44,-59
43,-71
28,-71
175,-91
162,-88
8,-75
93,-82
45,-59
16,-78
36,-59
34,-71
9,-75
7,-76
10,-77
15,-77
70,-80
OFFSET,15434
84,-80
109,-56
48,-62
47,-63
98,-56
106,-56
86,-62
39,-64
82,-78
83,-78
79,-66
81,-78
74,-68
56,-57
63,-59
64,-59
96,-65
90,-68
75,-78
62,-58
59,-78
126,-52
101,-51
123,-52
99,-60
61,-76
104,-67
97,-77
105,-63
89,-75
133,-78
146,-66
144,-61
108,-65
100,-63
135,-61
139,-60
128,-68
127,-69
129,-69
140,-77
164,-78
151,-80
157,-74
155,-72
137,-81
178,-63
170,-81
156,-82
158,-74
160,-59
152,-59
169,-71
143,-60
165,-88
44,-62
43,-75
28,-75
175,-91
162,-88
8,-77
93,-90
45,-63
16,-81
36,-63
34,-75
9,-77
7,-78
10,-77
15,-81
70,-80
213,-78
OFFSET,16696
84,-80
109,-52
48,-66
47,-67
98,-52
106,-52
86,-62
39,-66
82,-78
83,-78
79,-66
81,-78
74,-68
56,-57
63,-65
64,-65
96,-65
90,-68
75,-78
62,-64
59,-78
126,-60
101,-58
123,-60
99,-63
61,-76
104,-67
97,-76
105,-71
89,-75
133,-78
146,-65
144,-60
108,-70
100,-70
135,-61
139,-61
128,-68
127,-69
129,-69
140,-77
164,-78
151,-80
155,-72
137,-81
178,-62
170,-81
156,-82
158,-74
160,-57
152,-70
169,-64
143,-68
44,-61
43,-75
28,-75
175,-91
8,-77
93,-90
45,-63
16,-81
36,-63
34,-75
9,-77
7,-78
10,-77
15,-81
70,-80
213,-78
57,-82
27,-94
OFFSET,17957
84,-84
109,-46
48,-70
47,-71
98,-46
106,-46
86,-67
39,-70
82,-81
83,-78
79,-69
81,-78
74,-75
56,-57
63,-65
64,-65
96,-70
90,-69
75,-75
62,-71
59,-78
126,-54
101,-52
123,-53
99,-52
61,-76
104,-67
97,-74
105,-69
89,-72
133,-77
146,-68
144,-58
108,-70
100,-70
135,-58
139,-59
128,-78
127,-78
129,-77
140,-77
164,-78
151,-80
137,-81
178,-64
170,-81
156,-82
158,-74
160,-54
152,-62
169,-63
143,-63
44,-60
43,-70
28,-69
8,-66
93,-90
45,-59
16,-84
36,-59
34,-69
9,-68
7,-67
10,-84
15,-81
70,-80
213,-78
57,-82
27,-94
80,-79
26,-91
OFFSET,19223
84,-84
109,-47
48,-68
47,-66
98,-47
106,-47
86,-66
39,-67
82,-81
83,-78
79,-62
81,-78
74,-75
56,-63
63,-63
64,-63
96,-63
90,-63
75,-75
62,-63
59,-78
126,-56
101,-56
123,-57
99,-57
61,-76
104,-67
97,-73
105,-68
89,-77
133,-82
146,-67
144,-66
108,-67
100,-68
135,-58
139,-65
128,-72
127,-71
129,-72
140,-82
151,-80
137,-81
178,-63
170,-81
156,-82
158,-74
160,-53
152,-68
169,-59
143,-66
44,-60
43,-66
28,-67
8,-73
93,-90
45,-59
16,-84
36,-59
34,-67
9,-73
7,-73
10,-84
15,-81
70,-79
213,-78
57,-82
27,-94
80,-79
26,-91
OFFSET,20491
84,-84
109,-41
48,-62
47,-62
98,-42
106,-41
86,-66
39,-63
82,-81
83,-78
79,-62
81,-78
74,-75
56,-64
63,-63
64,-63
96,-68
90,-63
75,-83
62,-65
59,-78
126,-54
101,-53
123,-53
99,-54
61,-76
104,-73
97,-73
105,-68
89,-77
133,-82
146,-71
144,-70
108,-67
100,-68
135,-69
139,-70
128,-72
127,-71
129,-72
140,-82
151,-80
178,-70
158,-74
160,-54
152,-68
169,-64
143,-74
44,-62
43,-70
28,-70
8,-73
93,-90
45,-62
16,-84
36,-62
34,-69
9,-73
7,-75
10,-84
15,-81
70,-79
213,-85
57,-82
27,-94
80,-79
26,-91
4,-81
OFFSET,21753
84,-84
109,-39
48,-65
47,-64
98,-40
106,-39
86,-66
39,-65
82,-81
83,-78
79,-71
81,-78
74,-75
56,-66
63,-66
64,-66
96,-68
90,-70
75,-80
62,-67
59,-78
126,-53
101,-53
123,-53
99,-53
61,-76
104,-73
97,-73
105,-71
89,-90
133,-82
146,-63
144,-71
108,-72
100,-71
135,-71
139,-70
128,-72
127,-71
129,-72
140,-81
151,-80
178,-70
158,-74
160,-45
152,-68
169,-59
143,-74
44,-62
43,-70
28,-71
8,-71
93,-90
45,-62
16,-84
36,-63
34,-69
9,-70
7,-72
10,-84
15,-81
70,-79
213,-85
57,-81
27,-94
80,-79
26,-75
4,-81
153,-75
71,-88
6,-77
OFFSET,23005
84,-86
109,-36
48,-63
47,-63
98,-36
106,-36
86,-77
39,-64
82,-81
83,-87
79,-71
81,-87
74,-75
56,-68
63,-67
64,-66
96,-68
90,-78
75,-68
62,-81
59,-78
126,-58
101,-58
123,-57
99,-53
61,-83
104,-82
97,-80
105,-71
89,-81
133,-84
146,-68
144,-75
108,-71
100,-71
135,-75
139,-74
128,-76
127,-74
129,-72
140,-84
178,-70
158,-74
160,-52
152,-67
169,-66
143,-67
44,-68
43,-75
28,-76
8,-73
93,-90
45,-68
16,-84
36,-68
34,-74
9,-75
7,-75
10,-84
15,-81
70,-79
213,-85
57,-81
27,-94
80,-79
26,-75
4,-81
153,-76
71,-88
6,-77
191,-79
102,-81
OFFSET,24268
84,-86
109,-30
48,-62
47,-62
98,-29
106,-29
86,-77
39,-62
82,-81
83,-87
79,-71
81,-87
74,-75
56,-72
63,-72
64,-73
96,-68
90,-78
75,-68
62,-81
59,-78
126,-52
101,-53
123,-54
99,-53
61,-82
104,-82
97,-84
105,-77
89,-81
133,-84
146,-74
144,-74
108,-77
100,-76
135,-75
139,-74
128,-76
127,-74
129,-72
140,-84
178,-70
158,-74
160,-62
152,-69
169,-56
143,-69
44,-69
43,-75
28,-76
8,-73
93,-90
45,-69
16,-77
36,-70
34,-74
9,-75
7,-75
10,-78
15,-81
70,-75
213,-78
57,-81
27,-94
80,-79
26,-72
4,-81
153,-72
71,-82
6,-77
191,-71
102,-81
OFFSET,25550
84,-86
109,-33
48,-59
47,-58
98,-32
106,-33
86,-77
39,-59
82,-81
83,-87
79,-75
81,-87
74,-86
56,-72
63,-74
64,-73
96,-74
90,-75
75,-79
62,-72
59,-73
126,-60
101,-60
123,-60
99,-59
61,-78
104,-82
97,-84
105,-77
89,-86
133,-86
146,-75
144,-74
108,-77
100,-76
135,-75
139,-79
128,-76
127,-74
129,-72
140,-85
178,-70
158,-74
160,-70
152,-74
169,-56
143,-69
44,-67
43,-71
28,-76
8,-73
93,-90
45,-65
16,-77
36,-65
34,-72
9,-75
7,-75
10,-78
15,-81
70,-75
213,-77
57,-81
27,-94
80,-79
26,-87
4,-72
153,-72
71,-82
6,-74
191,-69
102,-81
40,-96
OFFSET,26812
OFFSET,27950
84,-86
109,-43
48,-53
47,-53
98,-44
106,-44
86,-77
39,-53
82,-88
83,-87
79,-78
81,-88
74,-86
56,-77
63,-77
64,-76
96,-78
90,-76
75,-94
62,-76
59,-73
126,-67
101,-68
123,-67
99,-67
61,-81
104,-82
97,-83
105,-79
89,-86
133,-86
146,-75
144,-85
108,-79
100,-78
135,-82
139,-84
128,-76
127,-74
129,-72
140,-85
178,-77
158,-74
160,-68
152,-74
169,-81
143,-69
44,-62
43,-74
28,-71
8,-70
93,-90
45,-61
16,-77
36,-62
34,-74
9,-69
7,-70
10,-85
15,-81
70,-72
213,-77
57,-79
27,-94
80,-79
26,-71
4,-71
153,-77
71,-82
6,-71
191,-75
102,-81
40,-96
58,-70
103,-75
69,-77
38,-88
5,-71
60,-75
OFFSET,29138
84,-86
109,-43
48,-51
47,-51
98,-44
106,-44
86,-73
39,-50
82,-88
83,-87
79,-78
81,-88
74,-86
56,-77
63,-77
64,-76
96,-78
90,-76
75,-94
62,-76
59,-73
126,-66
101,-66
123,-67
99,-65
61,-81
104,-82
97,-83
105,-76
89,-86
133,-86
146,-75
144,-85
108,-77
100,-75
135,-82
139,-84
128,-76
127,-74
129,-72
140,-85
178,-77
158,-74
160,-68
152,-74
169,-72
143,-69
44,-59
43,-66
28,-65
8,-64
93,-90
45,-59
16,-77
36,-58
34,-66
9,-62
7,-64
10,-85
15,-76
70,-66
213,-77
57,-79
27,-94
80,-79
26,-65
4,-71
153,-77
71,-79
6,-71
191,-75
102,-70
40,-96
58,-70
103,-69
69,-77
38,-88
5,-71
60,-75
49,-88
53,-91
46,-91
OFFSET,30336
84,-86
109,-53
48,-53
47,-54
98,-53
106,-53
86,-72
39,-53
82,-82
83,-87
79,-72
81,-88
74,-86
56,-77
63,-77
64,-76
96,-72
90,-72
75,-94
62,-76
59,-73
126,-69
101,-66
123,-71
99,-65
61,-77
104,-80
97,-83
105,-76
89,-88
133,-86
146,-88
144,-85
108,-77
100,-75
135,-82
139,-84
128,-76
127,-74
129,-72
140,-85
178,-77
160,-68
152,-74
169,-72
143,-69
44,-58
43,-70
28,-70
8,-63
45,-57
16,-77
36,-58
34,-70
9,-63
7,-62
10,-85
15,-76
70,-65
213,-78
57,-79
27,-87
80,-79
26,-65
4,-71
153,-77
71,-75
6,-71
191,-78
102,-69
40,-84
58,-78
103,-71
69,-73
38,-88
5,-71
60,-72
49,-83
53,-91
46,-90
67,-79
41,-81
88,-90
37,-91
33,-91
OFFSET,31525
84,-86
109,-55
48,-53
47,-52
98,-56
106,-54
86,-72
39,-53
82,-82
83,-87
79,-72
81,-88
74,-86
56,-77
63,-77
64,-76
96,-78
90,-72
75,-68
62,-76
59,-66
126,-67
101,-79
123,-69
99,-66
61,-77
104,-80
97,-81
105,-77
89,-88
133,-86
146,-80
144,-85
108,-79
100,-77
135,-82
139,-84
128,-76
127,-74
129,-72
140,-85
178,-77
160,-75
152,-74
169,-72
143,-69
44,-59
43,-70
28,-70
8,-64
45,-59
16,-77
36,-59
34,-70
9,-67
7,-67
10,-85
15,-76
70,-65
213,-70
57,-79
27,-87
80,-70
26,-65
4,-70
153,-74
71,-75
6,-71
191,-77
102,-69
40,-84
58,-69
103,-69
69,-72
38,-88
5,-71
60,-72
49,-83
53,-87
46,-90
67,-79
41,-86
88,-90
37,-91
33,-91
51,-87
52,-88
OFFSET,32721
84,-87
109,-60
48,-48
47,-48
98,-58
106,-60
86,-72
39,-48
82,-82
83,-87
79,-72
81,-88
74,-86
56,-75
63,-75
64,-75
96,-78
90,-72
75,-79
62,-77
59,-70
126,-68
101,-72
123,-69
99,-69
61,-81
104,-82
97,-81
105,-80
89,-88
133,-86
146,-86
144,-85
108,-80
100,-81
135,-90
139,-84
128,-76
127,-74
129,-72
140,-85
178,-77
160,-75
152,-74
169,-72
143,-69
44,-61
43,-70
28,-70
8,-62
45,-60
16,-77
36,-61
34,-70
9,-61
7,-64
10,-85
15,-76
70,-65
213,-73
57,-79
27,-89
80,-70
26,-65
4,-70
153,-74
71,-75
6,-72
191,-70
102,-69
40,-84
58,-78
103,-68
69,-73
38,-89
5,-73
60,-74
49,-83
53,-90
46,-90
67,-79
41,-84
88,-90
37,-91
33,-91
51,-89
52,-90
35,-72
OFFSET,33914
84,-87
109,-54
48,-49
47,-49
98,-54
106,-54
86,-72
39,-49
82,-82
83,-87
79,-72
81,-88
74,-79
56,-75
63,-75
64,-75
96,-78
90,-72
75,-79
62,-77
59,-70
126,-73
101,-71
123,-71
99,-69
61,-82
104,-82
97,-81
105,-80
89,-86
133,-86
146,-83
144,-85
108,-80
100,-81
135,-90
139,-84
128,-76
127,-74
140,-85
178,-77
160,-82
152,-74
169,-72
143,-69
44,-56
43,-70
28,-70
8,-64
45,-57
16,-77
36,-57
34,-73
9,-63
7,-63
10,-85
15,-76
70,-71
213,-73
57,-79
27,-89
80,-70
26,-65
4,-68
153,-74
71,-75
6,-69
191,-70
102,-65
40,-84
58,-67
103,-68
69,-70
38,-89
5,-69
60,-72
49,-83
53,-90
46,-90
67,-79
41,-84
88,-89
37,-91
33,-91
51,-89
52,-90
35,-72
54,-68
OFFSET,35114
84,-84
109,-54
48,-54
47,-53
98,-54
106,-55
86,-73
39,-54
82,-82
83,-87
79,-72
81,-88
74,-79
56,-79
63,-80
64,-75
96,-75
90,-72
75,-79
62,-77
59,-69
126,-73
101,-77
123,-71
99,-75
61,-79
104,-82
97,-83
105,-77
89,-88
133,-86
146,-87
144,-85
108,-75
100,-76
135,-90
139,-88
128,-76
127,-74
140,-85
178,-77
160,-82
152,-74
169,-72
143,-69
44,-54
43,-62
28,-63
8,-62
45,-53
16,-77
36,-54
34,-63
9,-63
7,-63
10,-85
15,-76
70,-68
213,-70
57,-79
27,-81
80,-70
26,-65
4,-68
153,-79
71,-75
6,-69
191,-70
102,-69
40,-90
58,-67
103,-68
69,-70
38,-88
5,-69
60,-72
49,-83
53,-88
46,-91
67,-79
41,-84
88,-89
37,-91
33,-89
51,-86
52,-85
35,-72
54,-73
29,-91
OFFSET,36304
84,-84
109,-54
48,-61
47,-61
98,-54
106,-55
86,-76
39,-61
82,-82
83,-87
79,-78
81,-88
74,-79
56,-79
63,-80
64,-75
96,-75
90,-78
75,-79
62,-77
59,-69
126,-74
101,-77
123,-71
99,-75
61,-79
104,-81
97,-83
105,-77
89,-88
133,-86
146,-87
144,-85
108,-75
100,-76
135,-90
139,-88
128,-76
127,-74
140,-85
178,-77
160,-82
152,-74
169,-72
143,-69
44,-52
43,-62
28,-63
8,-61
45,-52
16,-77
36,-51
34,-63
9,-61
7,-62
10,-85
15,-76
70,-60
213,-72
57,-68
27,-83
80,-69
26,-60
4,-68
153,-79
71,-67
6,-69
191,-75
102,-69
40,-90
58,-67
103,-68
69,-70
38,-88
5,-69
60,-72
49,-81
53,-88
46,-91
67,-79
41,-81
88,-89
37,-91
33,-89
51,-86
52,-85
35,-72
54,-73
29,-91
30,-86
OFFSET,37497
84,-84
109,-63
48,-57
47,-57
98,-62
106,-62
86,-76
39,-57
82,-82
83,-87
79,-77
81,-88
74,-79
56,-79
63,-80
64,-75
96,-78
90,-78
75,-79
62,-77
59,-71
126,-74
101,-77
123,-71
99,-75
61,-82
104,-81
97,-83
105,-77
89,-88
133,-86
146,-88
144,-85
108,-80
100,-76
135,-90
139,-88
140,-85
178,-77
160,-82
152,-74
169,-72
143,-69
44,-51
43,-67
28,-66
8,-61
45,-50
16,-77
36,-50
34,-67
9,-61
7,-62
10,-85
15,-76
70,-65
213,-79
57,-74
27,-83
80,-74
26,-60
4,-72
153,-79
71,-68
6,-72
191,-75
102,-63
40,-90
58,-63
103,-68
69,-70
38,-88
5,-72
60,-72
49,-81
53,-88
46,-91
67,-79
41,-94
88,-88
37,-91
33,-89
51,-86
52,-85
35,-78
54,-66
29,-91
30,-86
192,-75
OFFSET,38797
84,-84
109,-61
48,-60
47,-61
98,-61
106,-61
86,-78
39,-62
82,-87
83,-87
79,-78
81,-88
74,-79
56,-79
63,-80
64,-75
96,-78
90,-78
75,-79
62,-77
59,-71
126,-74
101,-77
123,-77
99,-75
61,-80
104,-81
97,-78
105,-83
89,-88
133,-86
146,-88
144,-85
108,-82
100,-81
135,-90
139,-88
140,-85
178,-77
160,-78
152,-74
169,-72
44,-54
43,-65
28,-66
8,-63
45,-55
36,-54
34,-66
9,-65
7,-64
10,-85
15,-76
70,-59
213,-66
57,-74
27,-83
80,-72
26,-58
4,-72
153,-79
71,-68
6,-72
191,-75
102,-60
40,-90
58,-58
103,-68
69,-70
38,-87
5,-72
60,-72
49,-81
53,-88
46,-88
67,-79
41,-88
88,-88
37,-91
33,-90
51,-89
52,-88
35,-74
54,-71
29,-91
30,-86
192,-78
68,-79
OFFSET,39982
84,-86
109,-61
48,-57
47,-57
98,-62
106,-62
86,-73
39,-58
82,-87
83,-89
79,-77
81,-86
74,-79
56,-79
63,-80
64,-75
96,-78
90,-78
75,-79
62,-77
59,-71
126,-78
101,-78
123,-75
99,-75
61,-83
104,-81
97,-78
105,-83
89,-88
146,-88
144,-85
108,-82
100,-81
135,-90
139,-88
178,-77
160,-78
169,-72
44,-53
43,-65
28,-64
8,-63
45,-53
36,-52
34,-65
9,-60
7,-64
10,-85
15,-76
70,-58
213,-72
57,-74
27,-88
80,-65
26,-58
4,-72
153,-79
71,-66
6,-75
191,-75
102,-63
40,-83
58,-65
103,-68
69,-68
38,-87
5,-72
60,-68
49,-83
53,-88
46,-88
67,-79
41,-83
88,-88
37,-91
33,-90
51,-91
52,-90
35,-74
54,-64
29,-91
30,-86
192,-78
68,-79
194,-78
OFFSET,41156
OFFSET,42347
84,-88
109,-61
48,-62
47,-62
98,-61
106,-59
86,-73
39,-62
82,-86
83,-86
79,-77
81,-87
74,-79
56,-80
63,-79
64,-77
96,-78
90,-78
75,-79
62,-77
59,-71
126,-75
101,-78
123,-78
99,-75
61,-83
104,-81
97,-84
105,-72
89,-88
146,-90
108,-72
100,-73
135,-90
139,-88
160,-78
169,-72
44,-50
43,-61
28,-61
8,-60
45,-49
36,-49
34,-61
9,-61
7,-60
15,-76
70,-63
213,-60
57,-78
27,-88
80,-70
26,-54
4,-76
153,-86
71,-70
6,-76
191,-75
102,-46
40,-81
58,-59
103,-68
69,-70
38,-87
5,-72
60,-70
49,-80
53,-90
46,-88
67,-67
41,-80
88,-87
37,-91
33,-92
51,-91
52,-90
35,-74
54,-65
29,-91
30,-86
192,-78
68,-79
194,-78
193,-59
65,-93
OFFSET,43633
84,-88
109,-62
48,-65
47,-66
98,-62
106,-62
86,-73
39,-65
82,-86
83,-86
79,-77
81,-87
74,-79
56,-80
63,-79
64,-77
96,-78
90,-78
75,-79
62,-77
59,-71
126,-75
101,-78
123,-78
99,-75
61,-83
104,-81
97,-84
105,-72
89,-88
146,-94
108,-72
100,-73
135,-90
139,-88
160,-78
44,-54
43,-66
28,-65
8,-60
45,-53
36,-53
34,-65
9,-61
7,-60
70,-57
213,-65
57,-63
27,-88
80,-70
26,-58
4,-73
153,-86
71,-69
6,-73
191,-75
102,-47
40,-84
58,-62
103,-68
69,-70
38,-87
5,-72
60,-65
49,-81
53,-90
46,-89
67,-67
41,-83
88,-87
37,-89
33,-90
51,-91
52,-89
35,-74
54,-73
29,-91
30,-86
192,-78
68,-79
194,-78
193,-64
65,-93
OFFSET,44790
84,-88
109,-65
48,-65
47,-67
98,-63
106,-64
86,-73
39,-65
82,-86
83,-87
79,-77
81,-87
74,-79
56,-80
63,-79
64,-77
96,-78
90,-78
75,-79
62,-77
59,-71
126,-78
101,-80
123,-81
99,-75
61,-83
104,-81
97,-84
105,-85
89,-88
146,-94
108,-85
100,-84
135,-90
139,-88
160,-78
44,-48
43,-64
28,-64
8,-62
45,-48
36,-49
34,-65
9,-63
7,-64
70,-58
213,-55
57,-63
27,-75
80,-70
26,-55
4,-73
153,-86
71,-67
6,-73
191,-75
102,-50
40,-83
58,-56
103,-68
69,-70
38,-87
5,-72
60,-73
49,-87
53,-90
46,-89
67,-67
41,-83
88,-87
37,-89
33,-90
51,-91
52,-89
35,-74
54,-70
29,-91
30,-86
192,-78
68,-79
194,-78
193,-64
65,-93
OFFSET,46071
84,-88
109,-65
48,-69
47,-69
98,-63
106,-64
86,-73
39,-68
82,-88
83,-87
79,-77
81,-87
74,-79
56,-80
63,-79
64,-77
96,-78
90,-78
75,-79
62,-77
59,-71
126,-78
101,-80
123,-81
99,-75
61,-88
104,-81
97,-84
105,-85
89,-88
146,-94
108,-85
100,-84
135,-90
139,-88
160,-78
44,-51
43,-61
28,-62
8,-62
45,-53
36,-53
34,-63
9,-61
7,-62
70,-58
213,-65
57,-75
27,-75
80,-70
26,-56
4,-73
153,-86
71,-67
6,-73
191,-75
102,-56
40,-79
58,-56
103,-68
69,-70
38,-87
5,-72
60,-73
49,-78
53,-90
46,-89
67,-66
41,-78
88,-87
37,-91
33,-90
51,-91
52,-89
35,-74
54,-72
29,-91
30,-86
192,-78
68,-79
194,-78
193,-70
65,-93
195,-80
10,-82
15,-80
OFFSET,47358
84,-88
109,-65
48,-66
47,-65
98,-63
106,-64
86,-79
39,-66
82,-88
83,-87
79,-77
81,-87
74,-79
56,-80
63,-81
64,-77
96,-78
90,-78
59,-71
126,-78
101,-80
123,-81
99,-75
61,-88
104,-81
97,-84
105,-85
89,-88
146,-94
108,-87
100,-89
139,-88
160,-78
44,-50
43,-64
28,-65
8,-58
45,-50
36,-49
34,-64
9,-59
7,-59
70,-48
213,-58
57,-79
27,-75
80,-61
26,-52
4,-73
153,-86
71,-65
6,-73
191,-75
102,-57
40,-80
58,-49
69,-69
38,-87
5,-72
60,-69
49,-81
53,-90
46,-89
67,-66
41,-81
88,-87
37,-86
33,-86
51,-91
52,-89
35,-74
54,-72
29,-91
30,-86
192,-78
68,-79
194,-78
193,-65
65,-93
195,-80
10,-79
15,-79
85,-74
16,-79
OFFSET,48524
84,-88
109,-64
48,-71
47,-69
98,-67
106,-65
86,-79
39,-69
82,-88
83,-90
79,-77
81,-87
56,-80
63,-81
64,-77
96,-78
90,-78
59,-71
126,-78
101,-80
123,-81
99,-75
61,-88
104,-78
97,-86
105,-85
89,-88
146,-94
108,-87
100,-89
139,-88
160,-78
44,-41
43,-61
28,-61
8,-59
45,-42
36,-42
34,-61
9,-58
7,-58
70,-52
213,-58
57,-79
27,-75
80,-65
26,-52
4,-73
153,-86
71,-64
6,-73
191,-75
102,-57
40,-80
58,-55
69,-69
38,-87
5,-72
60,-69
49,-78
53,-90
46,-90
67,-63
41,-81
88,-87
37,-89
33,-88
51,-91
52,-89
35,-68
54,-70
29,-91
30,-86
192,-73
68,-79
194,-78
193,-65
65,-93
195,-80
10,-79
15,-79
85,-74
16,-79
31,-90
OFFSET,49705
84,-88
109,-64
48,-73
47,-73
98,-67
106,-65
86,-79
39,-74
82,-88
83,-90
79,-77
81,-87
56,-80
63,-79
64,-79
96,-78
90,-78
59,-71
126,-78
101,-82
123,-81
99,-81
61,-88
104,-78
97,-84
105,-85
146,-94
108,-87
100,-89
160,-78
44,-42
43,-61
28,-61
8,-60
45,-43
36,-41
34,-61
9,-62
7,-61
70,-55
213,-57
57,-58
27,-75
80,-65
26,-53
4,-77
153,-86
71,-63
6,-77
191,-75
102,-66
40,-78
58,-54
69,-69
38,-87
5,-72
60,-69
49,-79
53,-90
46,-86
67,-73
41,-81
88,-85
37,-85
33,-87
51,-91
52,-89
35,-68
54,-69
30,-86
192,-73
68,-79
194,-78
193,-70
65,-93
195,-80
10,-79
15,-79
85,-80
16,-79
31,-90
OFFSET,50893
84,-88
109,-64
48,-71
47,-70
98,-67
106,-65
86,-79
39,-71
82,-88
83,-90
79,-77
81,-87
56,-80
63,-79
64,-79
96,-78
59,-71
126,-79
101,-79
123,-78
99,-81
61,-83
104,-78
97,-84
105,-85
146,-94
108,-87
100,-89
160,-78
44,-45
43,-61
28,-61
8,-60
45,-44
36,-44
34,-61
9,-62
7,-61
70,-70
213,-59
57,-60
27,-75
80,-74
26,-61
4,-67
153,-86
71,-60
6,-69
102,-70
40,-81
58,-56
69,-75
38,-87
5,-72
60,-75
49,-80
53,-88
46,-86
67,-60
41,-80
88,-85
37,-85
33,-87
51,-89
52,-89
35,-68
54,-69
192,-73
68,-79
194,-78
193,-69
65,-93
195,-80
10,-79
15,-79
85,-80
16,-79
31,-90
74,-79
107,-86
OFFSET,52163
84,-88
109,-63
48,-68
47,-69
98,-63
106,-63
86,-79
39,-68
82,-88
83,-90
79,-77
81,-87
56,-80
63,-79
64,-79
96,-78
126,-79
101,-79
123,-78
99,-81
61,-83
104,-78
97,-84
105,-85
146,-94
108,-87
100,-89
160,-78
44,-36
43,-59
28,-60
8,-56
45,-36
36,-36
34,-59
9,-56
7,-56
70,-48
213,-57
57,-51
27,-75
80,-59
26,-61
4,-67
153,-86
71,-57
6,-66
102,-64
40,-78
58,-50
69,-71
38,-79
5,-72
60,-75
49,-78
53,-88
46,-85
67,-58
41,-77
88,-85
37,-85
33,-87
51,-89
52,-89
35,-68
54,-78
192,-73
68,-79
194,-80
193,-64
65,-93
195,-80
10,-79
15,-77
85,-80
16,-76
31,-90
74,-79
107,-86
196,-77
OFFSET,53320
84,-88
109,-63
48,-71
47,-71
98,-63
106,-63
86,-79
39,-70
82,-88
83,-90
79,-77
81,-87
56,-80
63,-79
64,-79
96,-78
126,-79
101,-79
123,-78
99,-81
61,-83
104,-78
97,-81
105,-85
146,-94
108,-87
100,-89
44,-36
43,-59
28,-61
8,-59
45,-36
36,-35
34,-61
9,-59
7,-60
70,-46
213,-57
57,-57
27,-75
80,-59
26,-51
4,-67
153,-86
71,-60
6,-66
102,-64
40,-76
58,-53
69,-74
38,-79
5,-72
60,-75
49,-74
53,-91
46,-86
67,-63
41,-76
88,-85
37,-85
33,-85
51,-88
52,-89
35,-68
54,-68
192,-78
194,-80
193,-64
65,-93
195,-80
10,-79
15,-77
85,-80
16,-76
31,-90
74,-79
107,-77
196,-77
OFFSET,54604
84,-88
109,-63
48,-70
47,-70
98,-63
106,-63
86,-79
39,-70
82,-88
83,-90
81,-87
56,-80
63,-79
64,-79
126,-79
101,-79
123,-78
99,-81
61,-83
104,-78
97,-81
105,-85
146,-94
108,-87
100,-89
44,-37
43,-58
28,-61
8,-58
45,-36
36,-36
34,-59
9,-59
7,-59
70,-48
213,-62
57,-60
27,-75
80,-56
26,-45
4,-67
153,-86
71,-57
6,-66
102,-63
40,-78
58,-46
69,-74
38,-79
5,-72
60,-75
49,-81
53,-91
46,-88
67,-64
41,-80
88,-85
37,-88
33,-87
51,-88
52,-89
35,-71
54,-68
192,-78
194,-80
193,-64
65,-93
195,-80
10,-79
15,-77
85,-80
16,-76
31,-90
74,-79
107,-77
196,-77
OFFSET,55783
84,-88
109,-63
48,-69
47,-69
98,-63
106,-63
86,-79
39,-68
82,-88
83,-90
81,-87
56,-80
63,-79
64,-79
126,-80
101,-81
123,-79
99,-81
61,-83
104,-78
97,-84
105,-85
146,-94
108,-87
100,-89
44,-41
43,-58
28,-58
8,-55
45,-39
36,-38
34,-59
9,-56
7,-56
70,-44
213,-65
57,-59
27,-75
80,-56
26,-43
4,-67
71,-51
6,-66
102,-66
40,-76
58,-44
69,-68
38,-79
5,-66
60,-72
49,-77
53,-91
46,-88
67,-50
41,-76
88,-85
37,-88
33,-87
51,-88
52,-89
35,-71
54,-70
192,-78
194,-80
193,-64
65,-93
195,-80
10,-79
15,-77
85,-72
16,-76
31,-90
74,-79
107,-85
196,-78
68,-72
59,-78
OFFSET,56972
109,-63
48,-71
47,-70
98,-71
106,-71
86,-79
39,-71
82,-88
83,-90
56,-80
63,-79
64,-79
126,-80
101,-81
123,-79
99,-81
61,-83
104,-78
97,-84
105,-85
146,-94
108,-87
100,-89
44,-40
43,-61
28,-62
8,-56
45,-39
36,-41
34,-61
9,-53
7,-55
70,-43
213,-61
57,-55
27,-75
80,-55
26,-43
4,-67
71,-55
6,-66
102,-66
40,-74
58,-43
69,-67
38,-79
5,-64
60,-68
49,-72
53,-90
46,-88
67,-47
41,-74
88,-85
37,-88
33,-87
51,-89
52,-90
35,-71
54,-77
192,-78
194,-80
193,-64
195,-85
10,-77
15,-77
85,-74
16,-76
31,-90
74,-79
107,-85
196,-78
68,-75
59,-78
24,-87
OFFSET,58260
109,-75
48,-79
47,-78
98,-73
106,-73
86,-79
39,-78
82,-88
83,-90
56,-80
63,-79
64,-79
126,-80
101,-81
123,-79
99,-81
61,-83
104,-78
97,-84
105,-85
108,-87
100,-89
44,-45
43,-61
28,-57
8,-53
45,-45
36,-45
34,-58
9,-53
7,-53
70,-43
213,-61
57,-59
27,-68
80,-59
26,-48
4,-65
71,-54
6,-66
102,-69
40,-72
58,-48
69,-67
38,-79
5,-65
60,-68
49,-74
53,-86
46,-85
67,-58
41,-72
88,-90
37,-86
33,-87
51,-87
52,-86
35,-68
54,-67
192,-75
194,-80
193,-64
195,-85
10,-77
15,-77
85,-74
16,-76
31,-90
74,-79
107,-85
196,-78
68,-77
59,-78
24,-87
75,-77
30,-88
29,-89
OFFSET,59423
109,-70
48,-76
47,-77
98,-73
106,-72
86,-79
39,-76
82,-88
83,-90
56,-79
63,-79
64,-79
126,-80
101,-81
123,-79
99,-81
61,-83
104,-78
97,-84
108,-87
100,-89
44,-48
43,-60
28,-59
8,-55
45,-47
36,-47
34,-59
9,-54
7,-54
70,-45
213,-61
57,-60
27,-75
80,-63
26,-39
4,-69
71,-55
6,-68
102,-69
40,-68
58,-39
69,-67
38,-77
5,-66
60,-68
49,-67
53,-86
46,-85
67,-63
41,-68
88,-90
37,-87
33,-86
51,-87
52,-86
35,-68
54,-75
192,-75
194,-80
193,-64
195,-85
10,-73
15,-73
85,-79
16,-72
31,-72
74,-79
107,-85
196,-73
68,-79
59,-78
24,-87
75,-77
30,-88
29,-89
23,-82
96,-90
32,-72
79,-91
OFFSET,60697
109,-70
48,-74
47,-74
98,-73
106,-72
86,-79
39,-75
83,-90
56,-79
63,-79
64,-79
126,-80
101,-81
123,-79
99,-79
61,-83
104,-78
97,-94
108,-87
100,-89
44,-54
43,-58
28,-58
8,-48
45,-53
36,-56
34,-58
9,-48
7,-48
70,-43
213,-63
57,-54
27,-75
80,-59
26,-44
4,-63
71,-58
6,-62
102,-67
40,-69
58,-46
69,-69
38,-77
5,-61
60,-68
49,-69
53,-86
46,-83
67,-48
41,-70
88,-90
37,-85
33,-85
51,-87
52,-86
35,-68
54,-69
192,-75
194,-80
193,-64
195,-85
10,-72
15,-73
85,-79
16,-71
31,-72
74,-79
107,-85
196,-73
68,-79
59,-78
24,-87
75,-77
30,-88
29,-89
23,-82
96,-90
32,-72
79,-91
OFFSET,61977
109,-70
48,-77
47,-74
98,-73
106,-72
39,-79
83,-90
56,-85
63,-79
64,-79
126,-80
101,-81
123,-79
99,-79
61,-83
104,-78
97,-94
44,-58
43,-59
28,-59
8,-48
45,-56
36,-58
34,-58
9,-50
7,-49
70,-47
213,-69
57,-60
27,-75
80,-54
26,-48
4,-66
71,-46
6,-65
102,-67
40,-63
58,-49
69,-69
38,-77
5,-65
60,-68
49,-63
53,-81
46,-81
67,-46
41,-63
88,-87
37,-80
33,-79
51,-87
52,-82
35,-68
54,-67
192,-75
194,-80
193,-64
195,-85
10,-74
15,-74
85,-79
16,-75
31,-72
74,-79
107,-85
196,-73
68,-73
59,-78
24,-87
75,-77
30,-88
29,-89
23,-82
96,-90
32,-72
79,-91
25,-80
11,-90
18,-90
OFFSET,63128
109,-70
48,-81
47,-80
98,-73
106,-72
39,-79
56,-81
63,-79
64,-79
126,-80
101,-81
123,-79
99,-79
61,-83
97,-94
44,-55
43,-54
28,-53
8,-48
45,-56
36,-56
34,-53
9,-50
7,-52
70,-47
213,-65
57,-55
27,-75
80,-47
26,-47
4,-66
71,-48
6,-65
102,-67
40,-68
58,-47
69,-69
38,-77
5,-65
60,-68
49,-66
53,-84
46,-79
67,-45
41,-66
88,-87
37,-79
33,-79
51,-85
52,-85
35,-68
54,-72
192,-75
194,-80
193,-64
195,-85
10,-71
15,-71
85,-66
16,-70
31,-79
74,-79
107,-85
196,-73
68,-72
59,-78
24,-82
75,-77
30,-84
29,-83
23,-81
96,-90
32,-80
79,-91
25,-80
11,-90
18,-90
86,-87
OFFSET,64282
109,-70
48,-80
47,-79
98,-73
106,-72
39,-79
56,-81
126,-80
101,-81
123,-79
99,-79
61,-83
97,-94
44,-52
43,-53
28,-53
8,-44
45,-52
36,-52
34,-53
9,-44
7,-45
70,-57
213,-65
57,-61
27,-64
80,-58
26,-59
4,-66
71,-56
6,-65
102,-67
40,-63
58,-59
69,-69
38,-70
5,-63
60,-68
49,-62
53,-84
46,-85
67,-49
41,-61
88,-87
37,-85
33,-84
51,-82
52,-82
35,-68
54,-70
192,-75
194,-80
193,-64
195,-85
10,-69
15,-71
85,-66
16,-70
31,-74
74,-79
107,-85
196,-73
68,-72
59,-80
24,-85
75,-77
30,-84
29,-83
23,-81
96,-90
32,-80
79,-91
25,-80
11,-89
18,-90
86,-87
17,-91
OFFSET,65556
109,-70
48,-80
47,-80
98,-73
106,-72
39,-80
56,-81
126,-80
101,-81
123,-79
99,-79
61,-87
97,-94
44,-56
43,-56
28,-55
8,-50
45,-55
36,-54
34,-56
9,-50
7,-48
70,-61
213,-67
57,-58
27,-71
80,-61
26,-58
4,-69
71,-50
6,-68
102,-67
40,-62
58,-53
69,-69
38,-70
5,-69
60,-68
49,-62
53,-86
46,-78
67,-53
41,-61
88,-87
37,-79
33,-78
51,-86
52,-87
35,-65
54,-73
192,-75
194,-80
193,-64
195,-85
10,-69
15,-71
85,-57
16,-70
31,-74
107,-85
196,-73
68,-69
59,-80
24,-82
75,-77
30,-81
29,-81
23,-81
96,-90
32,-80
79,-91
25,-72
11,-89
18,-90
86,-87
17,-91
211,-82
OFFSET,66708
109,-70
48,-80
47,-80
98,-73
106,-72
39,-80
56,-81
126,-80
101,-81
123,-79
99,-79
61,-87
97,-82
44,-56
43,-53
28,-52
8,-49
45,-55
36,-56
34,-53
9,-48
7,-49
70,-61
213,-68
57,-59
27,-72
80,-75
26,-50
4,-64
71,-66
6,-64
102,-70
40,-65
58,-55
69,-69
38,-75
5,-63
60,-71
49,-63
53,-83
46,-82
67,-53
41,-64
88,-92
37,-82
33,-81
51,-83
52,-84
35,-65
54,-73
192,-75
195,-85
10,-70
15,-71
85,-63
16,-69
31,-74
107,-85
196,-73
68,-69
59,-81
24,-82
75,-77
30,-81
29,-81
23,-81
96,-90
32,-80
79,-91
25,-72
11,-89
18,-90
86,-87
17,-91
211,-82
65,-84
84,-87
OFFSET,67859
109,-70
48,-80
47,-80
98,-69
106,-70
39,-80
56,-81
126,-80
101,-81
123,-79
99,-79
61,-87
97,-82
44,-56
43,-58
28,-58
8,-52
45,-56
36,-57
34,-58
9,-50
7,-52
70,-50
213,-65
57,-66
27,-72
80,-75
26,-51
4,-63
71,-66
6,-64
102,-69
40,-68
58,-51
69,-71
38,-73
5,-63
60,-71
49,-69
53,-86
46,-85
67,-53
41,-78
88,-92
37,-84
33,-82
51,-86
52,-86
35,-59
54,-69
192,-75
195,-85
10,-68
15,-69
85,-58
16,-68
31,-74
107,-85
196,-73
68,-66
59,-81
24,-82
75,-77
30,-81
29,-81
23,-78
96,-90
32,-80
79,-91
25,-72
11,-89
18,-90
86,-87
17,-91
211,-82
65,-84
84,-87
OFFSET,69130
109,-70
48,-80
47,-80
98,-69
106,-70
39,-80
56,-81
126,-80
101,-81
123,-79
99,-79
61,-87
97,-82
44,-59
43,-55
28,-54
8,-48
45,-58
36,-57
34,-55
9,-48
7,-48
70,-57
213,-65
57,-66
27,-64
80,-64
26,-57
4,-63
71,-62
6,-64
102,-69
40,-59
58,-54
69,-78
38,-66
5,-63
60,-71
49,-59
53,-88
46,-84
67,-53
41,-59
88,-92
37,-85
33,-84
51,-88
52,-88
35,-59
54,-72
192,-75
195,-85
10,-69
15,-68
85,-60
16,-67
31,-75
107,-85
196,-73
68,-62
59,-81
24,-82
75,-77
30,-81
29,-81
23,-75
96,-90
32,-80
79,-91
25,-72
11,-89
18,-90
86,-87
17,-91
211,-82
65,-84
84,-87
210,-81
OFFSET,70300
109,-70
48,-83
47,-80
98,-69
106,-70
39,-84
56,-81
126,-84
99,-79
61,-84
97,-82
44,-64
43,-50
28,-51
8,-46
45,-66
36,-63
34,-50
9,-45
7,-44
70,-63
213,-65
57,-68
27,-65
80,-64
26,-57
4,-63
71,-62
6,-63
102,-79
40,-63
58,-60
69,-78
38,-60
5,-62
60,-75
49,-64
53,-88
46,-81
67,-65
41,-64
88,-92
37,-82
33,-82
51,-88
52,-88
35,-51
54,-72
192,-75
195,-85
10,-69
15,-68
85,-61
16,-67
31,-75
196,-73
68,-62
59,-81
24,-78
75,-77
30,-79
29,-75
23,-74
96,-90
32,-80
79,-91
25,-70
11,-89
18,-90
86,-87
17,-91
211,-82
65,-84
84,-87
210,-81
OFFSET,71564
109,-70
48,-83
47,-80
98,-69
106,-70
39,-84
56,-81
126,-84
99,-79
61,-84
97,-82
44,-59
43,-50
28,-51
8,-43
45,-61
36,-59
34,-51
9,-41
7,-41
70,-65
213,-65
57,-68
27,-56
80,-64
26,-64
4,-63
71,-62
6,-63
102,-79
40,-66
58,-60
69,-78
38,-65
5,-62
60,-75
49,-65
53,-86
46,-87
67,-68
41,-65
88,-92
37,-88
33,-87
51,-85
52,-86
35,-55
54,-72
192,-75
10,-69
15,-68
85,-63
16,-67
31,-78
196,-73
68,-62
59,-81
24,-86
75,-77
30,-84
29,-75
23,-77
96,-90
32,-80
79,-91
25,-70
11,-79
18,-90
86,-87
17,-80
211,-82
65,-84
84,-87
210,-81
OFFSET,72827
109,-70
48,-81
47,-81
98,-69
106,-70
39,-82
56,-81
126,-84
99,-79
61,-84
97,-82
44,-61
43,-50
28,-50
8,-43
45,-62
36,-61
34,-49
9,-42
7,-42
70,-62
213,-65
57,-68
27,-62
80,-74
26,-64
4,-61
71,-67
6,-61
102,-79
40,-74
58,-68
69,-78
38,-70
5,-64
60,-75
49,-73
53,-85
46,-73
67,-68
41,-75
88,-92
37,-74
33,-74
51,-86
52,-84
35,-56
54,-72
10,-71
15,-71
85,-61
16,-71
31,-82
196,-73
68,-61
59,-81
24,-86
30,-84
29,-75
23,-77
96,-90
32,-85
79,-91
25,-81
11,-79
18,-90
86,-87
17,-80
211,-82
65,-84
84,-88
210,-81
OFFSET,74095
109,-70
48,-81
47,-84
98,-69
106,-70
39,-84
56,-81
126,-82
99,-79
61,-87
97,-87
44,-65
43,-48
28,-49
8,-46
45,-63
36,-63
34,-48
9,-45
7,-47
70,-62
213,-77
57,-68
27,-64
80,-74
26,-70
4,-64
71,-67
6,-64
102,-79
40,-74
58,-73
69,-78
38,-67
5,-63
60,-75
49,-74
53,-85
46,-73
67,-69
41,-74
88,-92
37,-74
33,-73
51,-86
52,-84
35,-64
54,-72
10,-72
15,-71
85,-70
16,-71
31,-82
68,-61
59,-81
24,-81
30,-81
29,-82
23,-77
32,-85
25,-81
11,-79
18,-90
86,-87
17,-80
211,-79
65,-78
84,-88
210,-81
87,-80
OFFSET,75356
109,-70
48,-82
47,-82
98,-69
106,-70
39,-81
56,-81
126,-82
61,-87
97,-86
44,-67
43,-50
28,-49
8,-46
45,-70
36,-70
34,-50
9,-48
7,-48
70,-70
213,-79
57,-68
27,-54
80,-74
26,-66
4,-63
71,-74
6,-61
102,-79
40,-74
58,-73
69,-78
38,-72
5,-62
60,-75
49,-75
53,-89
46,-73
67,-75
41,-74
88,-92
37,-73
33,-73
51,-87
52,-87
35,-58
54,-74
10,-71
15,-72
85,-72
16,-71
31,-82
68,-64
59,-81
24,-81
30,-81
29,-82
23,-77
32,-85
25,-75
11,-87
18,-87
86,-91
17,-86
211,-85
65,-78
84,-88
210,-81
87,-80
14,-75
215,-82
105,-89
21,-76
22,-77
100,-89
108,-89
OFFSET,76630
109,-70
48,-82
47,-82
98,-69
106,-70
39,-81
56,-81
126,-82
61,-90
97,-86
44,-63
43,-47
28,-47
8,-49
45,-64
36,-63
34,-48
9,-49
7,-49
70,-72
213,-77
57,-68
27,-49
80,-74
26,-66
4,-64
71,-74
6,-65
102,-79
40,-84
58,-73
69,-78
38,-62
5,-64
60,-75
49,-81
53,-79
46,-69
67,-75
41,-79
88,-92
37,-70
33,-67
51,-78
52,-78
35,-62
54,-74
10,-71
15,-69
85,-75
16,-68
31,-82
68,-64
59,-81
24,-80
30,-80
29,-80
23,-82
32,-85
25,-75
11,-78
18,-78
86,-91
17,-78
211,-85
65,-75
84,-88
210,-81
87,-80
14,-78
215,-82
105,-89
21,-77
22,-78
100,-89
108,-89
92,-72
62,-75
55,-86
81,-91
63,-81
83,-92
OFFSET,77908
109,-70
48,-82
47,-82
98,-69
106,-70
39,-81
126,-82
61,-90
97,-86
44,-65
43,-48
28,-48
8,-51
45,-66
36,-65
34,-48
9,-51
7,-50
70,-72
213,-77
57,-68
27,-54
80,-74
26,-66
4,-66
71,-74
6,-65
102,-79
40,-79
58,-73
69,-78
38,-49
5,-64
60,-75
49,-79
53,-72
46,-67
67,-75
41,-80
88,-92
37,-67
33,-67
51,-72
52,-73
35,-68
54,-74
10,-71
15,-71
85,-75
16,-71
31,-82
68,-69
59,-81
24,-74
30,-74
29,-74
23,-82
32,-72
25,-69
11,-78
18,-78
86,-91
17,-78
211,-85
65,-71
84,-88
210,-81
87,-80
14,-79
215,-82
105,-89
21,-79
22,-78
100,-89
108,-89
92,-72
62,-75
55,-86
81,-91
63,-81
83,-92
OFFSET,79069
109,-70
48,-82
47,-82
98,-69
106,-70
39,-81
126,-82
61,-84
97,-86
44,-65
43,-46
28,-48
8,-53
45,-68
36,-69
34,-47
9,-53
7,-53
70,-68
213,-75
57,-68
27,-44
80,-74
26,-66
4,-63
71,-74
6,-63
102,-79
40,-79
58,-73
69,-78
38,-46
5,-62
60,-75
49,-79
53,-68
46,-64
67,-75
41,-86
88,-92
37,-63
33,-64
51,-68
52,-68
35,-68
54,-74
10,-69
15,-67
85,-75
16,-68
31,-82
68,-58
59,-81
24,-76
30,-76
29,-76
23,-82
32,-72
25,-69
11,-78
18,-78
86,-91
17,-78
211,-85
65,-74
84,-87
210,-81
87,-80
14,-75
215,-82
105,-89
21,-79
22,-77
100,-89
108,-89
92,-72
62,-75
55,-86
81,-91
63,-81
83,-92
OFFSET,80356
109,-70
48,-87
47,-89
98,-69
106,-70
39,-89
126,-82
61,-84
97,-86
44,-65
43,-42
28,-42
8,-49
45,-68
36,-69
34,-42
9,-49
7,-49
70,-68
213,-75
57,-68
27,-39
80,-77
26,-66
4,-69
71,-74
6,-69
102,-79
40,-80
58,-78
69,-78
38,-52
5,-70
60,-75
49,-80
53,-68
46,-64
67,-75
41,-80
88,-92
37,-62
33,-64
51,-68
52,-68
35,-69
54,-74
10,-69
15,-67
85,-75
16,-68
31,-67
68,-60
59,-81
24,-73
30,-73
29,-73
23,-82
32,-65
25,-66
11,-78
18,-78
86,-91
17,-78
211,-85
65,-74
84,-87
210,-81
87,-80
14,-71
215,-82
105,-89
21,-72
22,-73
100,-89
108,-89
92,-72
62,-75
55,-64
81,-91
63,-81
83,-92
OFFSET,81521
109,-70
48,-87
47,-89
98,-69
106,-70
39,-89
126,-82
61,-84
97,-86
44,-74
43,-38
28,-37
8,-52
45,-71
36,-72
34,-38
9,-52
7,-52
70,-68
213,-75
57,-68
27,-40
80,-79
26,-66
4,-63
71,-74
6,-63
102,-79
40,-89
58,-73
69,-78
38,-54
5,-64
60,-75
49,-89
53,-74
46,-60
67,-75
41,-86
37,-60
33,-60
51,-75
52,-75
35,-69
54,-74
10,-69
15,-67
85,-75
16,-68
31,-64
68,-62
24,-77
30,-78
29,-79
23,-82
32,-64
25,-66
11,-78
18,-78
86,-91
17,-79
211,-85
65,-63
84,-87
210,-81
87,-80
14,-71
215,-82
105,-89
21,-72
22,-70
100,-89
108,-89
92,-59
62,-75
55,-64
81,-91
63,-81
83,-92
121,-82
OFFSET,82802
48,-91
47,-92
39,-90
126,-82
61,-84
97,-86
44,-74
43,-37
28,-36
8,-57
45,-71
36,-72
34,-35
9,-58
7,-57
70,-68
213,-75
57,-68
27,-55
80,-79
26,-66
4,-63
71,-79
6,-63
102,-79
40,-89
58,-77
69,-78
38,-60
5,-64
60,-75
49,-89
53,-73
46,-61
67,-75
41,-86
37,-59
33,-60
51,-74
52,-73
35,-68
54,-74
10,-66
15,-65
85,-75
16,-65
31,-64
68,-65
24,-68
30,-69
29,-68
23,-82
32,-64
25,-64
11,-77
18,-80
86,-91
17,-75
211,-85
65,-75
84,-87
210,-81
87,-81
14,-65
215,-82
105,-89
21,-65
22,-65
100,-89
108,-89
92,-59
62,-75
55,-55
81,-91
63,-81
83,-92
121,-78
OFFSET,83993
48,-89
47,-92
39,-90
126,-82
61,-84
97,-86
44,-74
43,-32
28,-32
8,-59
45,-71
36,-72
34,-31
9,-61
7,-59
70,-78
213,-75
57,-68
27,-72
80,-79
26,-79
4,-57
71,-79
6,-57
102,-79
40,-89
58,-81
38,-74
5,-57
60,-75
49,-89
53,-80
46,-59
67,-75
41,-90
37,-59
33,-59
51,-80
52,-80
35,-68
54,-74
10,-66
15,-65
85,-75
16,-65
31,-62
68,-66
24,-68
30,-68
29,-68
23,-82
32,-62
25,-62
11,-88
18,-84
86,-91
17,-86
211,-85
65,-75
84,-87
210,-81
87,-61
14,-66
215,-81
105,-89
21,-65
22,-66
100,-89
108,-89
92,-66
62,-75
55,-56
81,-91
63,-81
83,-92
121,-75
13,-74
110,-77
116,-84
95,-84
42,-91
112,-76
111,-77
OFFSET,85273
48,-88
47,-86
39,-86
126,-82
61,-84
97,-86
44,-74
43,-36
28,-37
8,-61
45,-71
36,-72
34,-38
9,-60
7,-58
70,-78
213,-78
27,-75
80,-79
26,-77
4,-59
71,-79
6,-59
40,-88
58,-77
38,-78
5,-58
49,-89
53,-74
46,-65
67,-75
41,-90
37,-65
33,-65
51,-76
52,-75
35,-69
54,-74
10,-68
15,-66
85,-75
16,-67
31,-64
68,-66
24,-68
30,-68
29,-68
23,-79
32,-64
25,-64
11,-82
18,-84
86,-91
17,-84
211,-85
65,-72
84,-87
210,-75
87,-66
14,-63
215,-82
105,-89
21,-64
22,-64
100,-89
108,-89
92,-65
62,-75
55,-69
81,-91
63,-81
83,-92
121,-75
13,-71
110,-77
116,-83
95,-84
42,-77
112,-76
111,-77
76,-74
50,-86
OFFSET,86561
48,-87
47,-89
39,-89
126,-82
61,-84
97,-86
44,-74
43,-38
28,-38
8,-58
45,-74
36,-72
34,-38
9,-58
7,-58
70,-75
213,-78
27,-68
80,-79
26,-77
4,-57
71,-79
6,-57
40,-88
58,-77
38,-65
5,-57
49,-89
53,-75
46,-65
67,-75
41,-90
37,-65
33,-65
51,-74
52,-76
35,-69
54,-74
10,-60
15,-60
85,-75
16,-61
31,-58
68,-66
24,-66
30,-66
29,-66
23,-79
32,-58
25,-58
11,-76
18,-76
86,-91
17,-76
211,-85
65,-72
84,-87
210,-75
87,-66
14,-65
215,-82
105,-89
21,-65
22,-64
100,-89
108,-89
92,-62
62,-75
55,-74
81,-91
63,-81
83,-92
121,-75
13,-69
110,-77
116,-78
95,-84
42,-77
112,-76
111,-77
76,-74
50,-86
OFFSET,87731
48,-87
47,-89
39,-89
126,-82
61,-84
97,-86
44,-74
43,-42
28,-42
8,-58
45,-74
36,-72
34,-42
9,-58
7,-58
70,-75
213,-78
27,-75
80,-79
26,-77
4,-60
71,-79
6,-60
40,-88
58,-74
38,-78
5,-60
49,-89
53,-78
46,-68
67,-75
41,-90
37,-68
33,-68
51,-77
52,-77
35,-69
54,-74
10,-63
15,-64
85,-75
16,-63
31,-63
68,-66
24,-63
30,-63
29,-63
23,-79
32,-64
25,-63
11,-81
18,-80
86,-91
17,-81
211,-85
65,-71
84,-87
210,-75
87,-66
14,-67
215,-82
105,-89
21,-68
22,-68
100,-89
108,-89
92,-64
62,-75
55,-67
81,-91
63,-81
83,-92
121,-68
13,-78
110,-77
116,-78
95,-84
42,-86
112,-76
111,-77
76,-74
50,-86
OFFSET,89014
48,-87
47,-92
39,-89
61,-84
97,-86
44,-78
43,-48
28,-47
8,-63
45,-74
36,-72
34,-48
9,-63
7,-63
70,-75
213,-78
27,-67
80,-79
26,-77
4,-60
71,-79
6,-60
40,-88
58,-74
38,-78
5,-60
49,-89
53,-71
46,-69
67,-75
41,-90
37,-69
33,-69
51,-71
52,-73
35,-80
54,-74
10,-59
15,-57
85,-75
16,-58
31,-64
68,-66
24,-62
30,-62
29,-62
23,-79
32,-64
25,-64
11,-71
18,-71
86,-91
17,-72
211,-85
65,-71
84,-87
210,-75
87,-64
14,-67
215,-82
105,-89
21,-68
22,-68
100,-89
108,-89
92,-64
62,-75
55,-67
81,-91
63,-81
83,-92
121,-68
13,-78
110,-77
116,-72
95,-84
42,-86
112,-76
111,-77
76,-73
50,-86
199,-73
222,-75
OFFSET,90184
48,-87
47,-92
39,-89
61,-84
44,-78
43,-47
28,-46
8,-66
45,-74
36,-72
34,-46
9,-64
7,-65
70,-75
213,-78
27,-71
80,-79
26,-77
4,-60
71,-79
6,-60
40,-88
58,-74
38,-78
5,-60
49,-89
53,-75
46,-64
41,-90
37,-65
33,-65
51,-74
52,-74
35,-80
10,-61
15,-61
85,-75
16,-62
31,-67
68,-66
24,-60
30,-59
29,-60
23,-79
32,-67
25,-65
11,-72
18,-71
17,-73
65,-81
84,-87
210,-75
87,-64
14,-64
215,-78
21,-64
22,-64
92,-64
62,-75
55,-60
81,-91
63,-81
83,-92
121,-65
13,-78
110,-68
116,-73
95,-84
42,-86
112,-66
111,-63
76,-73
50,-88
199,-73
222,-78
OFFSET,91455
48,-87
47,-92
39,-89
61,-84
44,-78
43,-54
28,-56
8,-59
45,-74
36,-72
34,-56
9,-59
7,-59
70,-75
213,-78
27,-77
80,-79
26,-77
4,-59
71,-79
6,-59
40,-88
58,-74
38,-81
5,-59
49,-89
53,-74
46,-68
41,-90
37,-68
33,-69
51,-75
52,-75
35,-80
10,-64
15,-64
16,-65
31,-60
68,-66
24,-59
30,-58
29,-59
23,-79
32,-60
25,-60
11,-73
18,-74
17,-73
65,-81
84,-87
210,-75
87,-61
14,-68
215,-66
21,-68
22,-69
92,-64
55,-61
121,-65
13,-69
110,-68
116,-73
95,-84
42,-86
112,-69
111,-63
76,-73
50,-88
199,-73
222,-78
131,-82
OFFSET,92607
48,-87
47,-92
39,-89
61,-84
44,-78
43,-52
28,-52
8,-59
45,-74
36,-72
34,-52
9,-59
7,-59
70,-75
213,-78
27,-69
80,-79
26,-77
4,-57
71,-79
6,-59
40,-88
58,-74
38,-81
5,-58
49,-89
53,-78
46,-66
41,-90
37,-66
33,-67
51,-77
52,-78
35,-80
10,-59
15,-60
16,-59
31,-58
68,-66
24,-59
30,-59
29,-60
23,-79
32,-59
25,-58
11,-65
18,-66
17,-66
65,-81
84,-87
210,-75
87,-58
14,-61
215,-72
21,-60
22,-60
92,-64
55,-67
121,-61
13,-62
110,-67
116,-70
95,-84
42,-86
112,-67
111,-66
76,-72
50,-88
199,-72
222,-78
131,-82
OFFSET,93867
48,-93
47,-94
39,-89
44,-78
43,-50
28,-50
8,-59
45,-74
36,-72
34,-50
9,-59
7,-60
70,-75
213,-78
27,-80
80,-79
26,-77
4,-54
71,-79
6,-52
40,-88
58,-74
38,-82
5,-54
49,-89
53,-79
46,-67
41,-90
37,-67
33,-67
51,-78
52,-79
35,-80
10,-57
15,-58
16,-58
31,-65
68,-66
24,-61
30,-61
29,-61
23,-66
32,-67
25,-65
11,-78
18,-76
17,-78
65,-81
210,-69
87,-68
14,-66
215,-72
21,-68
22,-69
92,-64
55,-71
121,-72
13,-60
110,-72
116,-77
95,-84
42,-78
112,-71
111,-72
76,-79
50,-81
199,-78
222,-78
131,-82
12,-74
20,-75
19,-75
OFFSET,95011
48,-93
47,-94
39,-89
44,-78
43,-54
28,-53
8,-59
45,-74
36,-72
34,-54
9,-59
7,-60
70,-75
213,-78
27,-80
80,-79
26,-77
4,-53
71,-79
6,-53
40,-88
58,-74
38,-87
5,-53
49,-89
53,-71
46,-62
41,-90
37,-61
33,-61
51,-71
52,-72
35,-80
10,-57
15,-56
16,-56
31,-68
68,-66
24,-65
30,-64
29,-65
23,-66
32,-68
25,-68
11,-77
18,-74
17,-75
65,-76
210,-69
87,-70
14,-69
215,-72
21,-71
22,-70
92,-72
55,-78
121,-72
13,-61
110,-74
116,-77
95,-84
42,-78
112,-76
111,-73
76,-79
50,-81
199,-70
222,-78
131,-82
12,-74
20,-73
19,-74
73,-81
204,-82
OFFSET,96282
48,-91
47,-93
39,-89
44,-78
43,-54
28,-53
8,-63
45,-74
34,-54
9,-61
7,-62
70,-75
213,-78
27,-80
26,-77
4,-52
71,-79
6,-51
40,-88
58,-74
38,-87
5,-52
53,-77
46,-61
41,-90
37,-62
33,-62
51,-77
52,-76
35,-80
10,-57
15,-58
16,-57
31,-61
68,-66
24,-58
30,-58
29,-60
23,-66
32,-60
25,-60
11,-65
18,-65
17,-65
65,-80
210,-68
87,-71
14,-63
215,-71
21,-63
22,-63
92,-72
55,-68
121,-72
13,-59
110,-66
116,-71
95,-84
42,-78
112,-67
111,-69
76,-79
50,-81
199,-60
222,-78
131,-82
12,-78
20,-73
19,-73
73,-81
204,-82
207,-82
78,-86
211,-77
OFFSET,97432
48,-91
47,-89
39,-89
44,-78
43,-55
28,-55
8,-63
45,-74
34,-54
9,-62
7,-62
70,-75
213,-78
27,-78
26,-77
4,-56
6,-51
40,-88
58,-74
38,-87
5,-56
53,-72
46,-59
41,-90
37,-59
33,-59
51,-72
52,-74
35,-80
10,-58
15,-58
16,-59
31,-59
68,-66
24,-59
30,-58
29,-59
23,-68
32,-59
25,-59
11,-74
18,-74
17,-74
65,-78
210,-68
87,-72
14,-65
215,-71
21,-65
22,-63
92,-66
55,-68
121,-72
13,-60
110,-70
116,-82
95,-84
42,-72
112,-69
111,-69
76,-79
50,-81
199,-60
222,-78
131,-82
12,-72
20,-73
19,-72
73,-81
204,-82
207,-84
78,-86
211,-72
77,-86
67,-86
OFFSET,98716
48,-91
47,-89
39,-89
44,-78
43,-56
28,-56
8,-63
45,-74
34,-56
9,-62
7,-62
70,-79
213,-78
27,-80
26,-77
4,-51
6,-51
40,-88
58,-74
38,-87
5,-52
53,-75
46,-58
37,-59
33,-58
51,-74
52,-74
35,-80
10,-61
15,-60
16,-60
31,-62
24,-53
30,-54
29,-54
23,-68
32,-63
25,-63
11,-75
18,-74
17,-73
65,-75
210,-69
87,-72
14,-62
215,-71
21,-62
22,-62
92,-66
55,-65
121,-72
13,-57
110,-59
116,-80
95,-71
42,-72
112,-58
111,-59
76,-67
50,-81
199,-72
222,-78
131,-82
12,-72
20,-72
19,-73
73,-81
204,-82
207,-84
78,-86
211,-72
77,-86
67,-86
109,-82
98,-79
OFFSET,99888
48,-91
47,-89
39,-89
44,-78
43,-57
28,-57
8,-63
45,-74
34,-57
9,-62
7,-62
70,-79
27,-83
4,-53
6,-52
58,-74
38,-88
5,-52
53,-78
46,-68
37,-68
33,-67
51,-77
52,-78
35,-80
10,-53
15,-53
16,-54
31,-63
24,-62
30,-60
29,-62
23,-67
32,-71
25,-62
11,-80
18,-79
17,-80
65,-75
210,-69
87,-62
14,-60
215,-71
21,-61
22,-60
92,-66
55,-65
121,-72
13,-59
110,-70
116,-80
95,-71
42,-81
112,-69
111,-69
76,-74
50,-81
199,-72
222,-75
131,-82
12,-72
20,-72
19,-73
73,-81
204,-82
207,-84
78,-86
211,-72
77,-86
67,-86
109,-82
98,-79
OFFSET,101160
48,-95
47,-91
44,-78
43,-59
28,-59
8,-63
34,-59
9,-62
7,-62
70,-79
27,-86
4,-57
6,-57
58,-74
38,-84
5,-57
53,-79
46,-63
37,-63
33,-63
51,-80
52,-81
35,-80
10,-60
15,-60
16,-60
31,-73
24,-59
30,-59
29,-59
23,-73
32,-72
25,-73
11,-78
18,-78
17,-77
65,-83
210,-81
87,-69
14,-68
215,-71
21,-67
22,-68
92,-74
55,-86
121,-77
13,-60
110,-69
116,-80
95,-71
42,-81
112,-67
111,-69
76,-73
50,-91
199,-81
222,-75
131,-82
12,-75
20,-73
19,-76
73,-81
204,-82
207,-84
78,-86
211,-72
77,-86
67,-86
109,-82
98,-79
OFFSET,102302
48,-95
47,-91
44,-78
43,-59
28,-59
8,-63
34,-59
9,-60
7,-62
70,-79
27,-84
4,-53
6,-53
38,-90
5,-54
53,-77
46,-58
37,-58
33,-58
51,-77
52,-76
35,-80
10,-58
15,-59
16,-58
31,-63
24,-57
30,-57
29,-57
23,-68
32,-63
25,-64
11,-72
18,-72
17,-72
65,-76
210,-81
87,-63
14,-69
215,-71
21,-70
22,-69
92,-74
55,-71
121,-77
13,-66
110,-71
116,-80
95,-71
42,-81
112,-71
111,-71
76,-73
50,-81
199,-81
222,-75
131,-82
12,-75
20,-76
19,-76
73,-81
204,-82
207,-84
78,-86
211,-72
77,-86
67,-86
109,-82
98,-79
OFFSET,103557
48,-95
47,-91
44,-81
43,-63
28,-63
8,-61
34,-63
9,-62
7,-61
70,-79
27,-81
4,-52
6,-53
38,-90
5,-52
53,-74
46,-62
37,-61
33,-62
51,-72
52,-73
10,-55
15,-56
16,-55
31,-70
24,-63
30,-62
29,-63
23,-71
32,-70
25,-69
11,-83
18,-72
17,-84
65,-86
210,-68
87,-68
14,-63
215,-80
21,-64
22,-64
92,-74
55,-68
121,-77
13,-66
110,-78
116,-80
95,-79
42,-72
112,-77
111,-77
76,-67
50,-79
199,-81
222,-75
131,-82
12,-76
20,-76
19,-77
73,-81
204,-82
207,-84
78,-86
211,-72
77,-86
67,-86
109,-82
98,-79
OFFSET,104833
48,-95
47,-91
44,-81
43,-59
28,-63
8,-65
34,-59
9,-65
7,-64
70,-79
27,-83
4,-55
6,-56
38,-87
5,-56
53,-72
46,-65
37,-63
33,-64
51,-74
52,-73
10,-61
15,-61
16,-61
31,-72
24,-61
30,-62
29,-62
23,-71
32,-72
25,-72
11,-73
18,-73
17,-73
65,-76
210,-68
87,-68
14,-67
215,-80
21,-67
22,-68
92,-68
55,-68
121,-72
13,-58
110,-78
116,-73
95,-79
42,-86
112,-77
111,-77
76,-67
50,-78
199,-81
222,-75
131,-82
12,-76
20,-76
19,-80
73,-81
204,-82
207,-84
78,-86
211,-72
77,-86
67,-86
109,-82
98,-79
OFFSET,106093
48,-95
47,-91
44,-78
43,-57
28,-57
8,-65
34,-58
9,-65
7,-64
70,-79
27,-74
4,-52
6,-53
38,-75
5,-52
53,-78
46,-65
37,-66
33,-66
51,-77
52,-77
10,-62
15,-62
16,-61
31,-61
24,-67
30,-67
29,-67
23,-70
32,-62
25,-61
11,-73
18,-73
17,-73
65,-77
210,-68
87,-68
14,-62
215,-80
21,-63
22,-63
92,-74
55,-67
121,-75
13,-63
110,-70
116,-76
95,-79
42,-86
112,-77
111,-77
76,-72
50,-79
199,-81
222,-75
12,-77
20,-76
19,-76
73,-81
204,-82
207,-84
78,-86
211,-80
77,-86
67,-86
109,-82
98,-79
45,-76
OFFSET,107345
48,-95
47,-91
44,-78
43,-56
28,-56
8,-61
34,-56
9,-61
7,-60
70,-79
27,-84
4,-55
6,-56
38,-86
5,-55
53,-72
46,-65
37,-64
33,-65
51,-72
52,-72
10,-57
15,-57
16,-57
31,-74
24,-62
30,-62
29,-63
23,-70
32,-74
25,-74
11,-76
18,-78
17,-77
65,-79
210,-68
87,-68
14,-63
215,-80
21,-62
22,-62
92,-65
55,-68
121,-77
13,-60
110,-70
116,-74
95,-79
42,-81
112,-77
111,-77
76,-71
50,-82
199,-79
222,-75
12,-77
20,-76
19,-76
73,-81
204,-82
207,-84
78,-86
211,-80
77,-86
67,-86
109,-82
98,-79
45,-76
35,-79
OFFSET,108596
48,-95
47,-91
44,-78
43,-59
28,-60
8,-59
34,-62
9,-61
7,-63
70,-79
27,-81
4,-56
6,-56
38,-88
5,-55
53,-72
46,-65
37,-64
33,-64
51,-71
52,-72
10,-56
15,-56
16,-56
31,-59
24,-63
30,-62
29,-63
23,-66
32,-74
25,-74
11,-72
18,-72
17,-72
65,-84
210,-67
87,-71
14,-62
215,-81
21,-62
22,-63
92,-62
55,-69
121,-79
13,-58
110,-70
116,-71
95,-79
42,-73
112,-77
111,-77
76,-65
50,-79
199,-85
222,-75
12,-76
20,-76
19,-76
73,-81
204,-82
207,-84
78,-86
211,-80
77,-88
67,-86
109,-82
98,-79
45,-76
35,-79
58,-79
OFFSET,109853
48,-95
47,-91
44,-78
43,-58
28,-58
8,-63
34,-59
9,-62
7,-63
70,-79
27,-71
4,-53
6,-53
38,-82
5,-53
53,-72
46,-70
37,-71
33,-71
51,-73
52,-72
10,-57
15,-57
16,-57
31,-62
24,-61
30,-61
29,-61
23,-66
32,-63
25,-62
11,-64
18,-63
17,-64
65,-84
210,-67
87,-70
14,-65
215,-81
21,-65
22,-65
92,-68
55,-68
121,-78
13,-59
110,-82
116,-84
95,-79
42,-73
112,-80
111,-80
76,-72
50,-86
199,-85
222,-75
12,-77
20,-77
19,-76
207,-84
78,-86
211,-80
77,-88
67,-86
109,-82
98,-79
45,-76
35,-79
58,-79
OFFSET,111119
48,-95
47,-90
44,-78
43,-59
28,-59
8,-64
34,-59
9,-63
7,-64
70,-79
27,-71
4,-50
6,-50
38,-87
5,-50
53,-71
46,-67
37,-67
33,-67
51,-71
52,-72
10,-60
15,-60
16,-60
31,-61
24,-63
30,-63
29,-63
23,-67
32,-61
25,-60
11,-73
18,-73
17,-73
65,-84
210,-67
87,-70
14,-72
215,-81
21,-73
22,-74
92,-68
55,-84
121,-77
13,-58
110,-82
116,-73
95,-80
42,-73
112,-80
111,-80
76,-75
50,-81
199,-85
222,-75
12,-77
20,-76
19,-76
207,-84
211,-80
77,-88
67,-86
109,-82
98,-79
45,-76
35,-79
58,-79
114,-77
73,-79
36,-79
39,-90
OFFSET,112382
48,-95
47,-90
44,-77
43,-56
28,-57
8,-63
34,-57
9,-62
7,-62
70,-79
27,-87
4,-51
6,-52
38,-86
5,-52
53,-71
46,-70
37,-72
33,-72
51,-71
52,-72
10,-55
15,-54
16,-55
31,-60
24,-65
30,-65
29,-65
23,-67
32,-61
25,-61
11,-69
18,-68
17,-69
65,-84
210,-67
87,-69
14,-70
215,-81
21,-71
22,-70
92,-67
55,-84
121,-77
13,-53
110,-82
116,-70
95,-73
42,-73
112,-81
111,-80
76,-68
50,-81
199,-85
222,-75
12,-73
20,-72
19,-73
211,-80
77,-88
109,-82
98,-79
45,-76
35,-79
58,-79
114,-77
73,-79
36,-79
39,-90
OFFSET,113644
48,-95
47,-90
44,-77
43,-59
28,-60
8,-59
34,-59
9,-60
7,-58
27,-87
4,-48
6,-48
38,-86
5,-48
53,-71
46,-72
37,-72
33,-72
51,-75
52,-77
10,-53
15,-53
16,-53
31,-72
24,-70
30,-68
29,-68
23,-69
32,-72
25,-73
11,-72
18,-74
17,-72
65,-84
210,-67
87,-69
14,-73
215,-81
21,-72
22,-72
92,-67
55,-84
121,-77
13,-54
110,-81
116,-83
95,-74
42,-73
112,-81
111,-80
76,-68
50,-83
199,-85
222,-74
12,-85
20,-87
19,-85
211,-80
77,-88
98,-81
45,-76
35,-79
58,-78
114,-77
73,-79
36,-79
39,-90
OFFSET,114902
48,-95
47,-91
44,-77
43,-62
28,-64
8,-57
34,-62
9,-58
7,-57
27,-87
4,-47
6,-47
38,-78
5,-47
53,-72
46,-68
37,-69
33,-69
51,-73
52,-72
10,-53
15,-54
16,-54
31,-63
24,-73
30,-73
29,-74
23,-71
32,-63
25,-65
11,-63
18,-63
17,-62
65,-82
210,-67
87,-69
14,-69
215,-81
21,-69
22,-69
92,-67
55,-84
121,-77
13,-55
110,-81
116,-79
95,-74
42,-73
112,-81
111,-80
76,-75
50,-83
199,-85
222,-74
12,-70
20,-71
19,-71
211,-80
77,-88
98,-81
45,-76
35,-79
58,-78
114,-77
73,-79
36,-79
39,-90
70,-78
OFFSET,116049
48,-90
47,-89
44,-77
43,-65
28,-64
8,-62
34,-65
9,-60
7,-59
27,-87
4,-42
6,-43
38,-88
5,-42
53,-72
46,-71
37,-71
33,-72
51,-73
52,-73
10,-53
15,-53
16,-53
31,-69
24,-71
30,-70
29,-70
23,-62
32,-70
25,-69
11,-70
18,-69
17,-70
65,-79
210,-67
87,-69
14,-68
215,-80
21,-69
22,-69
92,-67
55,-84
121,-77
13,-49
110,-81
116,-79
95,-71
42,-76
112,-81
111,-80
76,-75
50,-79
199,-85
222,-74
12,-75
20,-72
19,-75
211,-80
77,-86
98,-81
45,-76
35,-79
58,-78
114,-77
73,-79
36,-79
39,-89
70,-78
204,-79
97,-89
OFFSET,117310
48,-88
47,-89
44,-77
43,-62
28,-63
8,-57
34,-63
9,-57
7,-56
27,-82
4,-45
6,-46
38,-88
5,-46
53,-72
46,-71
37,-71
33,-72
51,-72
52,-72
10,-50
15,-50
16,-51
31,-64
24,-65
30,-65
29,-65
23,-60
32,-63
25,-62
11,-70
18,-71
17,-71
65,-79
210,-66
87,-69
14,-70
215,-80
21,-69
22,-68
92,-67
55,-84
121,-77
13,-48
110,-81
116,-80
95,-71
42,-69
112,-81
111,-80
76,-68
50,-79
199,-85
222,-74
12,-71
20,-71
19,-71
211,-68
77,-83
98,-81
45,-76
35,-79
58,-78
114,-77
73,-79
36,-77
39,-90
70,-78
204,-79
97,-89
OFFSET,118582
48,-88
47,-89
44,-77
43,-63
28,-62
8,-57
34,-64
9,-58
7,-57
27,-82
4,-47
6,-47
38,-88
5,-47
53,-72
46,-74
37,-74
33,-74
51,-72
52,-71
10,-47
15,-47
16,-48
31,-65
24,-67
30,-67
29,-67
23,-62
32,-63
25,-63
11,-69
18,-69
17,-69
65,-88
210,-73
87,-69
14,-71
215,-80
21,-71
22,-71
92,-67
55,-84
121,-77
13,-46
110,-81
116,-80
95,-71
42,-69
112,-81
111,-80
76,-68
50,-79
199,-85
222,-74
12,-68
20,-68
19,-69
211,-72
77,-83
98,-81
45,-79
35,-79
58,-78
114,-84
73,-79
36,-77
39,-90
70,-78
204,-79
97,-91
26,-80
54,-82
OFFSET,119857
48,-88
47,-89
44,-77
43,-65
28,-63
8,-58
34,-67
9,-57
7,-57
27,-90
4,-49
6,-49
38,-93
5,-49
53,-73
46,-74
37,-73
33,-75
51,-73
52,-73
10,-50
15,-50
16,-50
31,-71
24,-67
30,-66
29,-66
23,-62
32,-71
25,-70
11,-71
18,-71
17,-69
65,-88
210,-73
87,-69
14,-78
215,-80
21,-78
22,-71
92,-67
55,-80
121,-77
13,-51
110,-81
116,-80
95,-71
42,-88
112,-81
111,-80
76,-74
50,-79
199,-85
222,-74
12,-78
20,-70
19,-79
211,-72
77,-83
98,-81
45,-79
35,-79
58,-78
114,-84
73,-79
36,-77
39,-90
70,-78
204,-79
97,-91
26,-80
54,-82
109,-80
OFFSET,121130
48,-88
47,-89
44,-74
43,-68
28,-66
8,-57
34,-67
9,-57
7,-57
27,-91
4,-47
6,-46
38,-90
5,-47
53,-78
46,-79
37,-80
33,-81
51,-78
52,-77
10,-54
15,-54
16,-54
31,-70
24,-67
30,-66
29,-66
23,-64
32,-71
25,-69
11,-72
18,-72
17,-71
65,-88
210,-67
87,-69
14,-78
215,-80
21,-78
22,-71
92,-67
55,-87
121,-77
13,-56
110,-81
116,-80
95,-71
42,-77
112,-81
111,-80
76,-77
50,-79
199,-85
222,-74
12,-80
20,-80
19,-80
211,-73
77,-83
98,-81
45,-75
35,-79
58,-78
114,-84
73,-79
36,-77
39,-90
70,-78
204,-79
97,-91
26,-80
54,-82
109,-80
78,-72
106,-81
OFFSET,122276
48,-88
47,-89
44,-74
43,-68
28,-66
8,-59
34,-68
9,-58
7,-57
27,-90
4,-51
6,-51
38,-90
5,-51
53,-74
46,-78
37,-78
33,-78
51,-74
52,-74
10,-54
15,-55
16,-55
31,-70
24,-74
30,-75
29,-76
23,-65
32,-70
25,-71
11,-73
18,-72
17,-72
65,-88
210,-68
87,-69
14,-78
215,-80
21,-78
22,-71
92,-67
55,-83
121,-77
13,-52
110,-81
116,-80
95,-68
42,-79
112,-81
111,-80
76,-72
50,-82
199,-85
222,-74
12,-85
20,-84
19,-85
211,-73
77,-83
98,-81
45,-75
35,-79
58,-78
114,-84
73,-79
36,-77
39,-90
70,-78
204,-79
97,-91
26,-80
54,-82
109,-80
78,-72
106,-81
OFFSET,123545
48,-88
47,-89
44,-80
43,-69
28,-69
8,-62
34,-69
9,-58
7,-60
27,-89
4,-52
6,-52
38,-90
5,-52
53,-72
46,-74
37,-73
33,-73
51,-72
52,-72
10,-50
15,-50
16,-50
31,-74
24,-72
30,-73
29,-73
23,-67
32,-74
25,-74
11,-69
18,-69
17,-70
65,-87
210,-68
87,-69
14,-78
215,-80
21,-78
22,-71
92,-67
55,-83
121,-77
13,-51
110,-81
116,-90
95,-70
42,-77
112,-81
111,-80
76,-72
50,-82
222,-74
12,-82
20,-84
19,-81
211,-73
77,-83
98,-81
45,-81
35,-79
58,-79
114,-84
73,-74
36,-80
39,-90
70,-78
204,-79
97,-91
26,-80
54,-82
109,-80
78,-72
106,-81
84,-80
OFFSET,124697
48,-88
47,-89
44,-80
43,-69
28,-69
8,-65
34,-69
9,-64
7,-63
27,-88
4,-49
6,-50
38,-90
5,-50
53,-72
46,-82
37,-83
33,-82
51,-71
52,-73
10,-41
15,-42
16,-42
31,-73
24,-72
30,-73
29,-73
23,-60
32,-73
25,-73
11,-67
18,-67
17,-67
65,-87
210,-68
87,-69
14,-78
215,-80
21,-78
22,-78
92,-67
55,-83
121,-77
13,-52
110,-81
116,-90
95,-65
42,-73
112,-81
111,-80
76,-75
50,-78
222,-74
12,-73
20,-73
19,-73
211,-66
77,-81
98,-81
45,-81
35,-79
58,-79
114,-84
73,-71
36,-80
39,-90
70,-78
204,-79
97,-91
26,-80
54,-82
109,-80
78,-70
106,-81
84,-80
OFFSET,125840
48,-88
47,-89
44,-78
43,-69
28,-68
8,-56
34,-69
9,-56
7,-54
27,-90
4,-48
6,-48
38,-90
5,-49
53,-69
46,-85
37,-86
33,-84
51,-69
52,-69
10,-41
15,-42
16,-41
31,-71
24,-73
30,-74
29,-74
23,-56
32,-71
25,-70
11,-66
18,-65
17,-67
65,-89
210,-68
87,-69
14,-78
215,-80
21,-78
22,-78
92,-67
55,-83
13,-50
110,-81
116,-90
95,-69
42,-79
112,-81
111,-80
76,-75
50,-78
222,-74
12,-70
20,-69
19,-69
211,-66
77,-81
98,-82
45,-80
35,-82
58,-84
114,-84
73,-70
36,-77
39,-90
70,-78
204,-79
97,-91
26,-80
54,-82
109,-80
78,-70
106,-82
84,-80
56,-89
63,-88
